15.990	32.248	30.000	1.200
16.000	32.013	30.000	1.200
16.010	32.180	30.000	1.200
16.020	32.276	30.000	1.200
16.030	32.304	30.000	1.200
16.040	32.367	30.000	1.200
16.050	32.438	30.000	1.200
16.060	32.578	30.000	1.200
16.070	32.308	30.000	1.200
16.080	32.094	30.000	1.200
16.090	31.902	30.000	1.200
16.100	31.730	30.000	1.200
16.110	31.721	30.000	1.200
16.120	31.896	30.000	1.200
16.130	32.026	30.000	1.200
16.140	31.795	30.000	1.200
16.150	31.706	30.000	1.200
16.160	31.717	30.000	1.200
16.170	31.860	30.000	1.200
16.180	31.701	30.000	1.200
16.190	31.718	30.000	1.200
16.200	31.829	30.000	1.200
16.210	31.984	30.000	1.200
16.220	31.773	30.000	1.200
16.230	31.721	30.000	1.200
16.240	31.800	30.000	1.200
16.250	31.608	30.000	1.200
16.260	31.581	30.000	1.200
16.270	31.671	30.000	1.200
16.280	31.856	30.000	1.200
16.290	31.693	30.000	1.200
16.300	31.575	30.000	1.200
16.310	31.498	30.000	1.200
16.320	31.465	30.000	1.200
16.330	31.579	30.000	1.200
16.340	31.422	30.000	1.200
16.350	31.445	30.000	1.200
16.360	31.638	30.000	1.200
16.370	31.577	30.000	1.200
16.380	31.722	30.000	1.200
16.390	31.576	30.000	1.200
16.400	31.561	30.000	1.200
16.410	31.642	30.000	1.200
16.420	31.463	30.000	1.200
16.430	31.478	30.000	1.200
16.440	31.263	30.000	1.200
16.450	31.230	30.000	1.200
16.460	31.369	30.000	1.200
16.470	31.198	30.000	1.200
16.480	31.159	30.000	1.200
16.490	31.210	30.000	1.200
16.500	31.299	30.000	1.200
16.510	31.442	30.000	1.200
16.520	31.290	30.000	1.200
16.530	31.327	30.000	1.200
16.540	31.134	30.000	1.200
16.550	31.132	30.000	1.200
16.560	31.233	30.000	1.200
16.570	31.231	30.000	1.200
16.580	31.428	30.000	1.200
16.590	31.312	30.000	1.200
16.600	31.306	30.000	1.200
16.610	31.482	30.000	1.200
16.620	31.397	30.000	1.200
16.630	31.503	30.000	1.200
16.640	31.370	30.000	1.200
16.650	31.438	30.000	1.200
16.660	31.632	30.000	1.200
16.670	31.515	30.000	1.200
16.680	31.512	30.000	1.200
16.690	31.564	30.000	1.200
16.700	31.664	30.000	1.200
16.710	31.469	30.000	1.200
16.720	31.457	30.000	1.200
16.730	31.236	30.000	1.200
16.740	31.215	30.000	1.200
16.750	31.401	30.000	1.200
16.760	31.353	30.000	1.200
16.770	31.538	30.000	1.200
16.780	31.407	30.000	1.200
16.790	31.393	30.000	1.200
16.800	31.557	30.000	1.200
16.810	31.463	30.000	1.200
16.820	31.548	30.000	1.200
16.830	31.402	30.000	1.200
16.840	31.456	30.000	1.200
16.850	31.661	30.000	1.200
16.860	31.535	30.000	1.200
16.870	31.546	30.000	1.200
16.880	31.613	30.000	1.200
16.890	31.727	30.000	1.200
16.900	31.517	30.000	1.200
16.910	31.489	30.000	1.200
16.920	31.682	30.000	1.200
16.930	31.600	30.000	1.200
16.940	31.721	30.000	1.200
16.950	31.618	30.000	1.200
16.960	31.769	30.000	1.200
16.970	31.622	30.000	1.200
16.980	31.596	30.000	1.200
16.990	31.732	30.000	1.200
17.000	31.615	30.000	1.200
17.010	31.680	30.000	1.200
17.020	31.515	30.000	1.200
17.030	31.567	30.000	1.200
17.040	31.362	30.000	1.200
17.050	31.282	30.000	1.200
17.060	31.354	30.000	1.200
17.070	31.480	30.000	1.200
17.080	31.651	30.000	1.200
17.090	31.470	30.000	1.200
17.100	31.453	30.000	1.200
17.110	31.333	30.000	1.200
17.120	31.304	30.000	1.200
17.130	31.463	30.000	1.200
17.140	31.389	30.000	1.200
17.150	31.567	30.000	1.200
17.160	31.460	30.000	1.200
17.170	31.464	30.000	1.200
17.180	31.611	30.000	1.200
17.190	31.492	30.000	1.200
17.200	31.559	30.000	1.200
17.210	31.394	30.000	1.200
17.220	31.433	30.000	1.200
17.230	31.614	30.000	1.200
17.240	31.487	30.000	1.200
17.250	31.519	30.000	1.200
17.260	31.611	30.000	1.200
17.270	31.760	30.000	1.200
17.280	31.769	30.000	1.200
17.290	31.677	30.000	1.200
17.300	31.791	30.000	1.200
17.310	31.659	30.000	1.200
17.320	31.704	30.000	1.200
17.330	31.542	30.000	1.200
17.340	31.632	30.000	1.200
17.350	31.461	30.000	1.200
17.360	31.418	30.000	1.200
17.370	31.511	30.000	1.200
17.380	31.338	30.000	1.200
17.390	31.362	30.000	1.200
17.400	31.160	30.000	1.200
17.410	31.171	30.000	1.200
17.420	31.357	30.000	1.200
17.430	31.229	30.000	1.200
17.440	31.259	30.000	1.200
17.450	31.366	30.000	1.200
17.460	31.534	30.000	1.200
17.470	31.720	30.000	1.200
17.480	31.613	30.000	1.200
17.490	31.698	30.000	1.200
17.500	31.558	30.000	1.200
17.510	31.590	30.000	1.200
17.520	31.420	30.000	1.200
17.530	31.492	30.000	1.200
17.540	31.344	30.000	1.200
17.550	31.317	30.000	1.200
17.560	31.424	30.000	1.200
17.570	31.264	30.000	1.200
17.580	31.291	30.000	1.200
17.590	31.089	30.000	1.200
17.600	31.109	30.000	1.200
17.610	31.301	30.000	1.200
17.620	31.201	30.000	1.200
17.630	31.243	30.000	1.200
17.640	31.384	30.000	1.200
17.650	31.589	30.000	1.200
17.660	31.593	30.000	1.200
17.670	31.501	30.000	1.200
17.680	31.596	30.000	1.200
17.690	31.460	30.000	1.200
17.700	31.508	30.000	1.200
17.710	31.336	30.000	1.200
17.720	31.406	30.000	1.200
17.730	31.266	30.000	1.200
17.740	31.249	30.000	1.200
17.750	31.369	30.000	1.200
17.760	31.192	30.000	1.200
17.770	31.209	30.000	1.200
17.780	31.412	30.000	1.200
17.790	31.373	30.000	1.200
17.800	31.501	30.000	1.200
17.810	31.362	30.000	1.200
17.820	31.347	30.000	1.200
17.830	31.441	30.000	1.200
17.840	31.603	30.000	1.200
17.850	31.770	30.000	1.200
17.860	31.587	30.000	1.200
17.870	31.582	30.000	1.200
17.880	31.372	30.000	1.200
17.890	31.339	30.000	1.200
17.900	31.520	30.000	1.200
17.910	31.458	30.000	1.200
17.920	31.624	30.000	1.200
17.930	31.490	30.000	1.200
17.940	31.494	30.000	1.200
17.950	31.617	30.000	1.200
17.960	31.484	30.000	1.200
17.970	31.542	30.000	1.200
17.980	31.386	30.000	1.200
17.990	31.401	30.000	1.200
18.000	31.590	30.000	1.200
18.010	31.452	30.000	1.200
18.020	31.443	30.000	1.200
18.030	31.511	30.000	1.200
18.040	31.604	30.000	1.200
18.050	31.776	30.000	1.200
18.060	31.651	30.000	1.200
18.070	31.700	30.000	1.200
18.080	31.519	30.000	1.200
18.090	31.546	30.000	1.200
18.100	31.363	30.000	1.200
18.110	31.400	30.000	1.200
18.120	31.592	30.000	1.200
18.130	31.477	30.000	1.200
18.140	31.473	30.000	1.200
18.150	31.608	30.000	1.200
18.160	31.534	30.000	1.200
18.170	31.651	30.000	1.200
18.180	31.516	30.000	1.200
18.190	31.566	30.000	1.200
18.200	31.726	30.000	1.200
18.210	31.576	30.000	1.200
18.220	31.512	30.000	1.200
18.230	31.497	30.000	1.200
18.240	31.533	30.000	1.200
18.250	31.700	30.000	1.200
18.260	31.592	30.000	1.200
18.270	31.700	30.000	1.200
18.280	31.531	30.000	1.200
18.290	31.581	30.000	1.200
18.300	31.404	30.000	1.200
18.310	31.436	30.000	1.200
18.320	31.572	30.000	1.200
18.330	31.379	30.000	1.200
18.340	31.367	30.000	1.200
18.350	31.531	30.000	1.200
18.360	31.417	30.000	1.200
18.370	31.521	30.000	1.200
18.380	31.356	30.000	1.200
18.390	31.323	30.000	1.200
18.400	31.424	30.000	1.200
18.410	31.595	30.000	1.200
18.420	31.818	30.000	1.200
18.430	31.612	30.000	1.200
18.440	31.541	30.000	1.200
18.450	31.658	30.000	1.200
18.460	31.518	30.000	1.200
18.470	31.542	30.000	1.200
18.480	31.343	30.000	1.200
18.490	31.376	30.000	1.200
18.500	31.371	30.000	1.200
18.510	31.284	30.000	1.200
18.520	31.314	30.000	1.200
18.530	31.482	30.000	1.200
18.540	31.381	30.000	1.200
18.550	31.478	30.000	1.200
18.560	31.330	30.000	1.200
18.570	31.355	30.000	1.200
18.580	31.522	30.000	1.200
18.590	31.369	30.000	1.200
18.600	31.317	30.000	1.200
18.610	31.334	30.000	1.200
18.620	31.363	30.000	1.200
18.630	31.512	30.000	1.200
18.640	31.367	30.000	1.200
18.650	31.407	30.000	1.200
18.660	31.206	30.000	1.200
18.670	31.218	30.000	1.200
18.680	31.277	30.000	1.200
18.690	31.253	30.000	1.200
18.700	31.361	30.000	1.200
18.710	31.565	30.000	1.200
18.720	31.451	30.000	1.200
18.730	31.527	30.000	1.200
18.740	31.344	30.000	1.200
18.750	31.351	30.000	1.200
18.760	31.511	30.000	1.200
18.770	31.406	30.000	1.200
18.780	31.399	30.000	1.200
18.790	31.521	30.000	1.200
18.800	31.672	30.000	1.200
18.810	31.846	30.000	1.200
18.820	31.659	30.000	1.200
18.830	31.615	30.000	1.200
18.840	31.785	30.000	1.200
18.850	31.668	30.000	1.200
18.860	31.736	30.000	1.200
18.870	31.571	30.000	1.200
18.880	31.642	30.000	1.200
18.890	31.591	30.000	1.200
18.900	31.471	30.000	1.200
18.910	31.488	30.000	1.200
18.920	31.675	30.000	1.200
18.930	31.577	30.000	1.200
18.940	31.700	30.000	1.200
18.950	31.541	30.000	1.200
18.960	31.537	30.000	1.200
18.970	31.659	30.000	1.200
18.980	31.468	30.000	1.200
18.990	31.342	30.000	1.200
19.000	31.275	30.000	1.200
19.010	31.257	30.000	1.200
19.020	31.402	30.000	1.200
19.030	31.281	30.000	1.200
19.040	31.332	30.000	1.200
19.050	31.124	30.000	1.200
19.060	31.146	30.000	1.200
19.070	30.956	30.000	1.200
19.080	30.928	30.000	1.200
19.090	31.012	30.000	1.200
19.100	31.194	30.000	1.200
19.110	31.094	30.000	1.200
19.120	31.179	30.000	1.200
19.130	31.020	30.000	1.200
19.140	31.029	30.000	1.200
19.150	31.209	30.000	1.200
19.160	31.061	30.000	1.200
19.170	31.035	30.000	1.200
19.180	31.085	30.000	1.200
19.190	31.164	30.000	1.200
19.200	31.281	30.000	1.200
19.210	31.101	30.000	1.200
19.220	31.087	30.000	1.200
19.230	31.280	30.000	1.200
19.240	31.173	30.000	1.200
19.250	31.270	30.000	1.200
19.260	31.130	30.000	1.200
19.270	31.187	30.000	1.200
19.280	31.344	30.000	1.200
19.290	31.162	30.000	1.200
19.300	31.157	30.000	1.200
19.310	31.303	30.000	1.200
19.320	31.185	30.000	1.200
19.330	31.261	30.000	1.200
19.340	31.136	30.000	1.200
19.350	31.063	30.000	1.200
19.360	31.132	30.000	1.200
19.370	31.257	30.000	1.200
19.380	31.432	30.000	1.200
19.390	31.606	30.000	1.200
19.400	31.452	30.000	1.200
19.410	31.484	30.000	1.200
19.420	31.307	30.000	1.200
19.430	31.248	30.000	1.200
19.440	31.407	30.000	1.200
19.450	31.324	30.000	1.200
19.460	31.420	30.000	1.200
19.470	31.639	30.000	1.200
19.480	31.512	30.000	1.200
19.490	31.513	30.000	1.200
19.500	31.698	30.000	1.200
19.510	31.602	30.000	1.200
19.520	31.700	30.000	1.200
19.530	31.517	30.000	1.200
19.540	31.488	30.000	1.200
19.550	31.567	30.000	1.200
19.560	31.750	30.000	1.200
19.570	31.856	30.000	1.200
19.580	31.642	30.000	1.200
19.590	31.552	30.000	1.200
19.600	31.611	30.000	1.200
19.610	31.444	30.000	1.200
19.620	31.445	30.000	1.200
19.630	31.558	30.000	1.200
19.640	31.491	30.000	1.200
19.650	31.657	30.000	1.200
19.660	31.494	30.000	1.200
19.670	31.433	30.000	1.200
19.680	31.525	30.000	1.200
19.690	31.353	30.000	1.200
19.700	31.343	30.000	1.200
19.710	31.538	30.000	1.200
19.720	31.463	30.000	1.200
19.730	31.513	30.000	1.200
19.740	31.682	30.000	1.200
19.750	31.514	30.000	1.200
19.760	31.410	30.000	1.200
19.770	31.348	30.000	1.200
19.780	31.366	30.000	1.200
19.790	31.551	30.000	1.200
19.800	31.459	30.000	1.200
19.810	31.533	30.000	1.200
19.820	31.358	30.000	1.200
19.830	31.411	30.000	1.200
19.840	31.243	30.000	1.200
19.850	31.213	30.000	1.200
19.860	31.298	30.000	1.200
19.870	31.476	30.000	1.200
19.880	31.376	30.000	1.200
19.890	31.470	30.000	1.200
19.900	31.309	30.000	1.200
19.910	31.314	30.000	1.200
19.920	31.490	30.000	1.200
19.930	31.329	30.000	1.200
19.940	31.284	30.000	1.200
19.950	31.309	30.000	1.200
19.960	31.352	30.000	1.200
19.970	31.470	30.000	1.200
19.980	31.292	30.000	1.200
19.990	31.303	30.000	1.200
20.000	31.498	70.000	2.800
20.010	31.383	70.000	2.800
20.020	31.668	70.000	2.800
20.030	32.145	70.000	2.800
20.040	32.931	70.000	2.800
20.050	33.748	70.000	2.800
20.060	35.077	70.000	2.800
20.070	36.352	70.000	2.800
20.080	37.813	70.000	2.800
20.090	39.376	70.000	2.800
20.100	40.978	70.000	2.800
20.110	42.720	70.000	2.800
20.120	44.283	70.000	2.800
20.130	45.812	70.000	2.800
20.140	47.483	70.000	2.800
20.150	49.158	70.000	2.800
20.160	50.828	70.000	2.800
20.170	52.497	70.000	2.800
20.180	54.427	70.000	2.800
20.190	56.053	70.000	2.800
20.200	57.807	70.000	2.800
20.210	59.264	70.000	2.800
20.220	60.912	70.000	2.800
20.230	62.292	70.000	2.800
20.240	63.916	70.000	2.800
20.250	65.385	70.000	2.800
20.260	66.739	70.000	2.800
20.270	68.109	70.000	2.800
20.280	69.219	70.000	2.800
20.290	70.282	70.000	2.800
20.300	71.474	70.000	2.800
20.310	72.497	70.000	2.800
20.320	73.533	70.000	2.800
20.330	74.505	70.000	2.800
20.340	75.381	70.000	2.800
20.350	76.366	70.000	2.800
20.360	77.422	70.000	2.800
20.370	78.366	70.000	2.800
20.380	79.028	70.000	2.800
20.390	79.682	70.000	2.800
20.400	80.561	70.000	2.800
20.410	81.175	70.000	2.800
20.420	81.865	70.000	2.800
20.430	82.592	70.000	2.800
20.440	83.075	70.000	2.800
20.450	83.629	70.000	2.800
20.460	84.120	70.000	2.800
20.470	84.814	70.000	2.800
20.480	85.213	70.000	2.800
20.490	85.676	70.000	2.800
20.500	86.154	70.000	2.800
20.510	86.559	70.000	2.800
20.520	86.832	70.000	2.800
20.530	87.286	70.000	2.800
20.540	87.805	70.000	2.800
20.550	88.307	70.000	2.800
20.560	88.779	70.000	2.800
20.570	89.214	70.000	2.800
20.580	89.538	70.000	2.800
20.590	89.693	70.000	2.800
20.600	90.021	70.000	2.800
20.610	90.187	70.000	2.800
20.620	90.277	70.000	2.800
20.630	90.451	70.000	2.800
20.640	90.724	70.000	2.800
20.650	90.988	70.000	2.800
20.660	91.198	70.000	2.800
20.670	91.269	70.000	2.800
20.680	91.526	70.000	2.800
20.690	91.734	70.000	2.800
20.700	91.796	70.000	2.800
20.710	91.865	70.000	2.800
20.720	91.984	70.000	2.800
20.730	92.260	70.000	2.800
20.740	92.196	70.000	2.800
20.750	92.240	70.000	2.800
20.760	92.419	70.000	2.800
20.770	92.460	70.000	2.800
20.780	92.453	70.000	2.800
20.790	92.503	70.000	2.800
20.800	92.539	70.000	2.800
20.810	92.553	70.000	2.800
20.820	92.590	70.000	2.800
20.830	92.665	70.000	2.800
20.840	92.743	70.000	2.800
20.850	92.787	70.000	2.800
20.860	92.765	70.000	2.800
20.870	93.024	70.000	2.800
20.880	93.231	70.000	2.800
20.890	93.359	70.000	2.800
20.900	93.441	70.000	2.800
20.910	93.445	70.000	2.800
20.920	93.344	70.000	2.800
20.930	93.539	70.000	2.800
20.940	93.567	70.000	2.800
20.950	93.493	70.000	2.800
20.960	93.365	70.000	2.800
20.970	93.562	70.000	2.800
20.980	93.602	70.000	2.800
20.990	93.518	70.000	2.800
21.000	93.621	70.000	2.800
21.010	93.577	70.000	2.800
21.020	93.427	70.000	2.800
21.030	93.578	70.000	2.800
21.040	93.571	70.000	2.800
21.050	93.806	70.000	2.800
21.060	93.802	70.000	2.800
21.070	93.790	70.000	2.800
21.080	93.858	70.000	2.800
21.090	93.791	70.000	2.800
21.100	93.939	70.000	2.800
21.110	93.948	70.000	2.800
21.120	94.141	70.000	2.800
21.130	94.080	70.000	2.800
21.140	94.150	70.000	2.800
21.150	94.205	70.000	2.800
21.160	94.085	70.000	2.800
21.170	94.195	70.000	2.800
21.180	94.057	70.000	2.800
21.190	94.118	70.000	2.800
21.200	93.966	70.000	2.800
21.210	94.072	70.000	2.800
21.220	93.985	70.000	2.800
21.230	94.154	70.000	2.800
21.240	94.075	70.000	2.800
21.250	94.143	70.000	2.800
21.260	93.964	70.000	2.800
21.270	94.041	70.000	2.800
21.280	93.947	70.000	2.800
21.290	94.088	70.000	2.800
21.300	93.983	70.000	2.800
21.310	94.052	70.000	2.800
21.320	94.199	70.000	2.800
21.330	94.170	70.000	2.800
21.340	94.023	70.000	2.800
21.350	94.066	70.000	2.800
21.360	94.028	70.000	2.800
21.370	93.994	70.000	2.800
21.380	94.113	70.000	2.800
21.390	93.987	70.000	2.800
21.400	94.087	70.000	2.800
21.410	93.977	70.000	2.800
21.420	94.089	70.000	2.800
21.430	93.948	70.000	2.800
21.440	93.943	70.000	2.800
21.450	94.104	70.000	2.800
21.460	94.021	70.000	2.800
21.470	94.176	70.000	2.800
21.480	94.112	70.000	2.800
21.490	94.238	70.000	2.800
21.500	94.067	70.000	2.800
21.510	94.030	70.000	2.800
21.520	94.193	70.000	2.800
21.530	94.154	70.000	2.800
21.540	94.317	70.000	2.800
21.550	94.223	70.000	2.800
21.560	94.291	70.000	2.800
21.570	94.472	70.000	2.800
21.580	94.382	70.000	2.800
21.590	94.519	70.000	2.800
21.600	94.422	70.000	2.800
21.610	94.529	70.000	2.800
21.620	94.362	70.000	2.800
21.630	94.338	70.000	2.800
21.640	94.442	70.000	2.800
21.650	94.297	70.000	2.800
21.660	94.408	70.000	2.800
21.670	94.284	70.000	2.800
21.680	94.321	70.000	2.800
21.690	94.499	70.000	2.800
21.700	94.358	70.000	2.800
21.710	94.390	70.000	2.800
21.720	94.219	70.000	2.800
21.730	94.263	70.000	2.800
21.740	94.238	70.000	2.800
21.750	94.164	70.000	2.800
21.760	94.236	70.000	2.800
21.770	94.233	70.000	2.800
21.780	94.204	70.000	2.800
21.790	94.348	70.000	2.800
21.800	94.292	70.000	2.800
21.810	94.381	70.000	2.800
21.820	94.442	70.000	2.800
21.830	94.337	70.000	2.800
21.840	94.409	70.000	2.800
21.850	94.276	70.000	2.800
21.860	94.358	70.000	2.800
21.870	94.256	70.000	2.800
21.880	94.179	70.000	2.800
21.890	94.230	70.000	2.800
21.900	94.314	70.000	2.800
21.910	94.284	70.000	2.800
21.920	94.431	70.000	2.800
21.930	94.331	70.000	2.800
21.940	94.361	70.000	2.800
21.950	94.509	70.000	2.800
21.960	94.364	70.000	2.800
21.970	94.396	70.000	2.800
21.980	94.206	70.000	2.800
21.990	94.227	70.000	2.800
22.000	94.373	70.000	2.800
22.010	94.195	70.000	2.800
22.020	94.145	70.000	2.800
22.030	94.260	70.000	2.800
22.040	94.157	70.000	2.800
22.050	94.256	70.000	2.800
22.060	94.149	70.000	2.800
22.070	94.079	70.000	2.800
22.080	94.133	70.000	2.800
22.090	94.323	70.000	2.800
22.100	94.262	70.000	2.800
22.110	94.400	70.000	2.800
22.120	94.267	70.000	2.800
22.130	94.265	70.000	2.800
22.140	94.382	70.000	2.800
22.150	94.195	70.000	2.800
22.160	94.189	70.000	2.800
22.170	94.331	70.000	2.800
22.180	94.278	70.000	2.800
22.190	94.361	70.000	2.800
22.200	94.550	70.000	2.800
22.210	94.410	70.000	2.800
22.220	94.429	70.000	2.800
22.230	94.228	70.000	2.800
22.240	94.235	70.000	2.800
22.250	94.381	70.000	2.800
22.260	94.201	70.000	2.800
22.270	94.145	70.000	2.800
22.280	94.238	70.000	2.800
22.290	94.083	70.000	2.800
22.300	94.133	70.000	2.800
22.310	94.332	70.000	2.800
22.320	94.210	70.000	2.800
22.330	94.210	70.000	2.800
22.340	94.321	70.000	2.800
22.350	94.165	70.000	2.800
22.360	94.226	70.000	2.800
22.370	94.146	70.000	2.800
22.380	94.089	70.000	2.800
22.390	94.152	70.000	2.800
22.400	94.298	70.000	2.800
22.410	94.151	70.000	2.800
22.420	94.235	70.000	2.800
22.430	94.067	70.000	2.800
22.440	94.046	70.000	2.800
22.450	94.149	70.000	2.800
22.460	94.325	70.000	2.800
22.470	94.200	70.000	2.800
22.480	94.270	70.000	2.800
22.490	94.096	70.000	2.800
22.500	94.079	70.000	2.800
22.510	94.204	70.000	2.800
22.520	94.402	70.000	2.800
22.530	94.265	70.000	2.800
22.540	94.307	70.000	2.800
22.550	94.228	70.000	2.800
22.560	94.207	70.000	2.800
22.570	94.336	70.000	2.800
22.580	94.428	70.000	2.800
22.590	94.286	70.000	2.800
22.600	94.315	70.000	2.800
22.610	94.236	70.000	2.800
22.620	94.203	70.000	2.800
22.630	94.322	70.000	2.800
22.640	94.408	70.000	2.800
22.650	94.271	70.000	2.800
22.660	94.295	70.000	2.800
22.670	94.303	70.000	2.800
22.680	94.235	70.000	2.800
22.690	94.353	70.000	2.800
22.700	94.361	70.000	2.800
22.710	94.245	70.000	2.800
22.720	94.259	70.000	2.800
22.730	94.423	70.000	2.800
22.740	94.345	70.000	2.800
22.750	94.455	70.000	2.800
22.760	94.275	70.000	2.800
22.770	94.180	70.000	2.800
22.780	94.200	70.000	2.800
22.790	94.359	70.000	2.800
22.800	94.273	70.000	2.800
22.810	94.364	70.000	2.800
22.820	94.248	70.000	2.800
22.830	94.171	70.000	2.800
22.840	94.202	70.000	2.800
22.850	94.351	70.000	2.800
22.860	94.227	70.000	2.800
22.870	94.300	70.000	2.800
22.880	94.289	70.000	2.800
22.890	94.207	70.000	2.800
22.900	94.230	70.000	2.800
22.910	94.341	70.000	2.800
22.920	94.169	70.000	2.800
22.930	94.213	70.000	2.800
22.940	94.323	70.000	2.800
22.950	94.207	70.000	2.800
22.960	94.202	70.000	2.800
22.970	94.279	70.000	2.800
22.980	94.314	70.000	2.800
22.990	94.288	70.000	2.800
23.000	94.416	70.000	2.800
23.010	94.247	70.000	2.800
23.020	94.213	70.000	2.800
23.030	94.252	70.000	2.800
23.040	94.421	70.000	2.800
23.050	94.306	70.000	2.800
23.060	94.358	70.000	2.800
23.070	94.368	70.000	2.800
23.080	94.281	70.000	2.800
23.090	94.274	70.000	2.800
23.100	94.379	70.000	2.800
23.110	94.199	70.000	2.800
23.120	94.213	70.000	2.800
23.130	94.404	70.000	2.800
23.140	94.271	70.000	2.800
23.150	94.229	70.000	2.800
23.160	94.291	70.000	2.800
23.170	94.460	70.000	2.800
23.180	94.387	70.000	2.800
23.190	94.486	70.000	2.800
23.200	94.306	70.000	2.800
23.210	94.227	70.000	2.800
23.220	94.249	70.000	2.800
23.230	94.379	70.000	2.800
23.240	94.237	70.000	2.800
23.250	94.282	70.000	2.800
23.260	94.473	70.000	2.800
23.270	94.337	70.000	2.800
23.280	94.304	70.000	2.800
23.290	94.364	70.000	2.800
23.300	94.356	70.000	2.800
23.310	94.330	70.000	2.800
23.320	94.458	70.000	2.800
23.330	94.274	70.000	2.800
23.340	94.205	70.000	2.800
23.350	94.215	70.000	2.800
23.360	94.375	70.000	2.800
23.370	94.272	70.000	2.800
23.380	94.328	70.000	2.800
23.390	94.372	70.000	2.800
23.400	94.259	70.000	2.800
23.410	94.231	70.000	2.800
23.420	94.333	70.000	2.800
23.430	94.161	70.000	2.800
23.440	94.168	70.000	2.800
23.450	94.356	70.000	2.800
23.460	94.219	70.000	2.800
23.470	94.178	70.000	2.800
23.480	94.237	70.000	2.800
23.490	94.371	70.000	2.800
23.500	94.309	70.000	2.800
23.510	94.426	70.000	2.800
23.520	94.286	70.000	2.800
23.530	94.193	70.000	2.800
23.540	94.202	70.000	2.800
23.550	94.339	70.000	2.800
23.560	94.206	70.000	2.800
23.570	94.261	70.000	2.800
23.580	94.454	70.000	2.800
23.590	94.300	70.000	2.800
23.600	94.251	70.000	2.800
23.610	94.314	70.000	2.800
23.620	94.162	70.000	2.800
23.630	94.147	70.000	2.800
23.640	94.284	70.000	2.800
23.650	94.201	70.000	2.800
23.660	94.123	70.000	2.800
23.670	94.129	70.000	2.800
23.680	94.292	70.000	2.800
23.690	94.199	70.000	2.800
23.700	94.266	70.000	2.800
23.710	94.434	70.000	2.800
23.720	94.287	70.000	2.800
23.730	94.225	70.000	2.800
23.740	94.312	70.000	2.800
23.750	94.144	70.000	2.800
23.760	94.138	70.000	2.800
23.770	94.292	70.000	2.800
23.780	94.216	70.000	2.800
23.790	94.124	70.000	2.800
23.800	94.162	70.000	2.800
23.810	94.284	70.000	2.800
23.820	94.207	70.000	2.800
23.830	94.314	70.000	2.800
23.840	94.346	70.000	2.800
23.850	94.217	70.000	2.800
23.860	94.195	70.000	2.800
23.870	94.313	70.000	2.800
23.880	94.197	70.000	2.800
23.890	94.260	70.000	2.800
23.900	94.443	70.000	2.800
23.910	94.279	70.000	2.800
23.920	94.226	70.000	2.800
23.930	94.299	70.000	2.800
23.940	94.111	70.000	2.800
23.950	94.121	70.000	2.800
23.960	94.263	70.000	2.800
23.970	94.211	70.000	2.800
23.980	94.126	70.000	2.800
23.990	94.143	70.000	2.800
24.000	94.325	70.000	2.800
24.010	94.237	70.000	2.800
24.020	94.305	70.000	2.800
24.030	94.468	70.000	2.800
24.040	94.309	70.000	2.800
24.050	94.232	70.000	2.800
24.060	94.311	70.000	2.800
24.070	94.140	70.000	2.800
24.080	94.141	70.000	2.800
24.090	94.279	70.000	2.800
24.100	94.410	70.000	2.800
24.110	94.257	70.000	2.800
24.120	94.258	70.000	2.800
24.130	94.411	70.000	2.800
24.140	94.281	70.000	2.800
24.150	94.323	70.000	2.800
24.160	94.461	70.000	2.800
24.170	94.496	70.000	2.800
24.180	94.380	70.000	2.800
24.190	94.414	70.000	2.800
24.200	94.366	70.000	2.800
24.210	94.327	70.000	2.800
24.220	94.402	70.000	2.800
24.230	94.560	70.000	2.800
24.240	94.424	70.000	2.800
24.250	94.358	70.000	2.800
24.260	94.485	70.000	2.800
24.270	94.330	70.000	2.800
24.280	94.305	70.000	2.800
24.290	94.386	70.000	2.800
24.300	94.528	70.000	2.800
24.310	94.356	70.000	2.800
24.320	94.366	70.000	2.800
24.330	94.531	70.000	2.800
24.340	94.391	70.000	2.800
24.350	94.385	70.000	2.800
24.360	94.447	70.000	2.800
24.370	94.615	70.000	2.800
24.380	94.477	70.000	2.800
24.390	94.514	70.000	2.800
24.400	94.483	70.000	2.800
24.410	94.383	70.000	2.800
24.420	94.362	70.000	2.800
24.430	94.430	70.000	2.800
24.440	94.530	70.000	2.800
24.450	94.454	70.000	2.800
24.460	94.550	70.000	2.800
24.470	94.465	70.000	2.800
24.480	94.347	70.000	2.800
24.490	94.324	70.000	2.800
24.500	94.414	70.000	2.800
24.510	94.216	70.000	2.800
24.520	94.207	70.000	2.800
24.530	94.343	70.000	2.800
24.540	94.346	70.000	2.800
24.550	94.235	70.000	2.800
24.560	94.215	70.000	2.800
24.570	94.342	70.000	2.800
24.580	94.211	70.000	2.800
24.590	94.243	70.000	2.800
24.600	94.397	70.000	2.800
24.610	94.393	70.000	2.800
24.620	94.252	70.000	2.800
24.630	94.273	70.000	2.800
24.640	94.385	70.000	2.800
24.650	94.282	70.000	2.800
24.660	94.339	70.000	2.800
24.670	94.476	70.000	2.800
24.680	94.554	70.000	2.800
24.690	94.445	70.000	2.800
24.700	94.501	70.000	2.800
24.710	94.366	70.000	2.800
24.720	94.320	70.000	2.800
24.730	94.371	70.000	2.800
24.740	94.511	70.000	2.800
24.750	94.365	70.000	2.800
24.760	94.299	70.000	2.800
24.770	94.435	70.000	2.800
24.780	94.285	70.000	2.800
24.790	94.252	70.000	2.800
24.800	94.326	70.000	2.800
24.810	94.452	70.000	2.800
24.820	94.278	70.000	2.800
24.830	94.310	70.000	2.800
24.840	94.477	70.000	2.800
24.850	94.328	70.000	2.800
24.860	94.300	70.000	2.800
24.870	94.333	70.000	2.800
24.880	94.489	70.000	2.800
24.890	94.359	70.000	2.800
24.900	94.383	70.000	2.800
24.910	94.565	70.000	2.800
24.920	94.415	70.000	2.800
24.930	94.329	70.000	2.800
24.940	94.357	70.000	2.800
24.950	94.506	70.000	2.800
24.960	94.393	70.000	2.800
24.970	94.454	70.000	2.800
24.980	94.610	70.000	2.800
24.990	94.476	70.000	2.800
25.000	94.366	30.000	1.200
25.010	94.377	30.000	1.200
25.020	94.302	30.000	1.200
25.030	93.963	30.000	1.200
25.040	93.324	30.000	1.200
25.050	92.722	30.000	1.200
25.060	91.709	30.000	1.200
25.070	90.728	30.000	1.200
25.080	89.700	30.000	1.200
25.090	88.401	30.000	1.200
25.100	87.070	30.000	1.200
25.110	85.751	30.000	1.200
25.120	84.185	30.000	1.200
25.130	82.912	30.000	1.200
25.140	81.617	30.000	1.200
25.150	80.020	30.000	1.200
25.160	78.648	30.000	1.200
25.170	77.170	30.000	1.200
25.180	75.674	30.000	1.200
25.190	74.114	30.000	1.200
25.200	72.661	30.000	1.200
25.210	71.508	30.000	1.200
25.220	70.256	30.000	1.200
25.230	68.870	30.000	1.200
25.240	67.694	30.000	1.200
25.250	66.289	30.000	1.200
25.260	65.068	30.000	1.200
25.270	63.937	30.000	1.200
25.280	62.867	30.000	1.200
25.290	61.687	30.000	1.200
25.300	60.725	30.000	1.200
25.310	59.756	30.000	1.200
25.320	58.852	30.000	1.200
25.330	57.773	30.000	1.200
25.340	56.755	30.000	1.200
25.350	55.636	30.000	1.200
25.360	54.652	30.000	1.200
25.370	53.685	30.000	1.200
25.380	52.947	30.000	1.200
25.390	51.911	30.000	1.200
25.400	51.232	30.000	1.200
25.410	50.353	30.000	1.200
25.420	49.595	30.000	1.200
25.430	48.876	30.000	1.200
25.440	47.992	30.000	1.200
25.450	47.115	30.000	1.200
25.460	46.422	30.000	1.200
25.470	45.844	30.000	1.200
25.480	45.384	30.000	1.200
25.490	44.686	30.000	1.200
25.500	44.234	30.000	1.200
25.510	43.750	30.000	1.200
25.520	43.043	30.000	1.200
25.530	42.682	30.000	1.200
25.540	42.329	30.000	1.200
25.550	41.675	30.000	1.200
25.560	41.302	30.000	1.200
25.570	40.802	30.000	1.200
25.580	40.262	30.000	1.200
25.590	39.846	30.000	1.200
25.600	39.619	30.000	1.200
25.610	39.229	30.000	1.200
25.620	38.750	30.000	1.200
25.630	38.268	30.000	1.200
25.640	37.848	30.000	1.200
25.650	37.478	30.000	1.200
25.660	37.217	30.000	1.200
25.670	37.115	30.000	1.200
25.680	36.890	30.000	1.200
25.690	36.636	30.000	1.200
25.700	36.424	30.000	1.200
25.710	36.288	30.000	1.200
25.720	35.873	30.000	1.200
25.730	35.684	30.000	1.200
25.740	35.661	30.000	1.200
25.750	35.399	30.000	1.200
25.760	34.988	30.000	1.200
25.770	34.949	30.000	1.200
25.780	34.842	30.000	1.200
25.790	34.717	30.000	1.200
25.800	34.592	30.000	1.200
25.810	34.450	30.000	1.200
25.820	34.332	30.000	1.200
25.830	34.212	30.000	1.200
25.840	34.095	30.000	1.200
25.850	34.013	30.000	1.200
25.860	33.987	30.000	1.200
25.870	33.813	30.000	1.200
25.880	33.693	30.000	1.200
25.890	33.577	30.000	1.200
25.900	33.322	30.000	1.200
25.910	33.372	30.000	1.200
25.920	33.282	30.000	1.200
25.930	33.014	30.000	1.200
25.940	33.022	30.000	1.200
25.950	32.959	30.000	1.200
25.960	32.804	30.000	1.200
25.970	32.628	30.000	1.200
25.980	32.397	30.000	1.200
25.990	32.548	30.000	1.200
26.000	32.594	30.000	1.200
26.010	32.547	30.000	1.200
26.020	32.398	30.000	1.200
26.030	32.549	30.000	1.200
26.040	32.590	30.000	1.200
26.050	32.642	30.000	1.200
26.060	32.721	30.000	1.200
26.070	32.704	30.000	1.200
26.080	32.469	30.000	1.200
26.090	32.298	30.000	1.200
26.100	32.241	30.000	1.200
26.110	32.212	30.000	1.200
26.120	32.199	30.000	1.200
26.130	32.206	30.000	1.200
26.140	32.302	30.000	1.200
26.150	32.045	30.000	1.200
26.160	31.900	30.000	1.200
26.170	31.857	30.000	1.200
26.180	31.878	30.000	1.200
26.190	31.947	30.000	1.200
26.200	32.040	30.000	1.200
26.210	32.130	30.000	1.200
26.220	32.165	30.000	1.200
26.230	32.240	30.000	1.200
26.240	31.979	30.000	1.200
26.250	31.866	30.000	1.200
26.260	31.904	30.000	1.200
26.270	31.853	30.000	1.200
26.280	31.743	30.000	1.200
26.290	31.822	30.000	1.200
26.300	31.990	30.000	1.200
26.310	31.782	30.000	1.200
26.320	31.683	30.000	1.200
26.330	31.722	30.000	1.200
26.340	31.881	30.000	1.200
26.350	31.781	30.000	1.200
26.360	31.799	30.000	1.200
26.370	31.973	30.000	1.200
26.380	31.777	30.000	1.200
26.390	31.675	30.000	1.200
26.400	31.628	30.000	1.200
26.410	31.591	30.000	1.200
26.420	31.614	30.000	1.200
26.430	31.758	30.000	1.200
26.440	31.619	30.000	1.200
26.450	31.671	30.000	1.200
26.460	31.451	30.000	1.200
26.470	31.412	30.000	1.200
26.480	31.589	30.000	1.200
26.490	31.467	30.000	1.200
26.500	31.433	30.000	1.200
26.510	31.517	30.000	1.200
26.520	31.324	30.000	1.200
26.530	31.289	30.000	1.200
26.540	31.445	30.000	1.200
26.550	31.312	30.000	1.200
26.560	31.329	30.000	1.200
26.570	31.474	30.000	1.200
26.580	31.286	30.000	1.200
26.590	31.178	30.000	1.200
26.600	31.110	30.000	1.200
26.610	31.078	30.000	1.200
26.620	31.197	30.000	1.200
26.630	31.045	30.000	1.200
26.640	31.076	30.000	1.200
26.650	31.275	30.000	1.200
26.660	31.225	30.000	1.200
26.670	31.373	30.000	1.200
26.680	31.259	30.000	1.200
26.690	31.258	30.000	1.200
26.700	31.348	30.000	1.200
26.710	31.167	30.000	1.200
26.720	31.176	30.000	1.200
26.730	31.352	30.000	1.200
26.740	31.261	30.000	1.200
26.750	31.347	30.000	1.200
26.760	31.536	30.000	1.200
26.770	31.402	30.000	1.200
26.780	31.362	30.000	1.200
26.790	31.371	30.000	1.200
26.800	31.425	30.000	1.200
26.810	31.601	30.000	1.200
26.820	31.488	30.000	1.200
26.830	31.594	30.000	1.200
26.840	31.426	30.000	1.200
26.850	31.469	30.000	1.200
26.860	31.295	30.000	1.200
26.870	31.328	30.000	1.200
26.880	31.466	30.000	1.200
26.890	31.273	30.000	1.200
26.900	31.252	30.000	1.200
26.910	31.403	30.000	1.200
26.920	31.289	30.000	1.200
26.930	31.374	30.000	1.200
26.940	31.202	30.000	1.200
26.950	31.169	30.000	1.200
26.960	31.266	30.000	1.200
26.970	31.454	30.000	1.200
26.980	31.652	30.000	1.200
26.990	31.471	30.000	1.200
27.000	31.406	30.000	1.200
27.010	31.522	30.000	1.200
27.020	31.400	30.000	1.200
27.030	31.449	30.000	1.200
27.040	31.265	30.000	1.200
27.050	31.305	30.000	1.200
27.060	31.131	30.000	1.200
27.070	31.091	30.000	1.200
27.080	31.173	30.000	1.200
27.090	31.381	30.000	1.200
27.100	31.312	30.000	1.200
27.110	31.437	30.000	1.200
27.120	31.318	30.000	1.200
27.130	31.365	30.000	1.200
27.140	31.580	30.000	1.200
27.150	31.457	30.000	1.200
27.160	31.457	30.000	1.200
27.170	31.530	30.000	1.200
27.180	31.614	30.000	1.200
27.190	31.677	30.000	1.200
27.200	31.594	30.000	1.200
27.210	31.702	30.000	1.200
27.220	31.555	30.000	1.200
27.230	31.615	30.000	1.200
27.240	31.451	30.000	1.200
27.250	31.517	30.000	1.200
27.260	31.660	30.000	1.200
27.270	31.535	30.000	1.200
27.280	31.548	30.000	1.200
27.290	31.508	30.000	1.200
27.300	31.463	30.000	1.200
27.310	31.601	30.000	1.200
27.320	31.471	30.000	1.200
27.330	31.527	30.000	1.200
27.340	31.684	30.000	1.200
27.350	31.530	30.000	1.200
27.360	31.467	30.000	1.200
27.370	31.446	30.000	1.200
27.380	31.511	30.000	1.200
27.390	31.364	30.000	1.200
27.400	31.342	30.000	1.200
27.410	31.533	30.000	1.200
27.420	31.444	30.000	1.200
27.430	31.561	30.000	1.200
27.440	31.465	30.000	1.200
27.450	31.554	30.000	1.200
27.460	31.738	30.000	1.200
27.470	31.598	30.000	1.200
27.480	31.654	30.000	1.200
27.490	31.454	30.000	1.200
27.500	31.452	30.000	1.200
27.510	31.639	30.000	1.200
27.520	31.516	30.000	1.200
27.530	31.546	30.000	1.200
27.540	31.723	30.000	1.200
27.550	31.525	30.000	1.200
27.560	31.396	30.000	1.200
27.570	31.337	30.000	1.200
27.580	31.423	30.000	1.200
27.590	31.252	30.000	1.200
27.600	31.302	30.000	1.200
27.610	31.281	30.000	1.200
27.620	31.278	30.000	1.200
27.630	31.076	30.000	1.200
27.640	31.076	30.000	1.200
27.650	31.182	30.000	1.200
27.660	31.409	30.000	1.200
27.670	31.342	30.000	1.200
27.680	31.458	30.000	1.200
27.690	31.315	30.000	1.200
27.700	31.385	30.000	1.200
27.710	31.193	30.000	1.200
27.720	31.148	30.000	1.200
27.730	31.240	30.000	1.200
27.740	31.403	30.000	1.200
27.750	31.631	30.000	1.200
27.760	31.451	30.000	1.200
27.770	31.403	30.000	1.200
27.780	31.542	30.000	1.200
27.790	31.439	30.000	1.200
27.800	31.506	30.000	1.200
27.810	31.346	30.000	1.200
27.820	31.427	30.000	1.200
27.830	31.290	30.000	1.200
27.840	31.258	30.000	1.200
27.850	31.346	30.000	1.200
27.860	31.156	30.000	1.200
27.870	31.154	30.000	1.200
27.880	31.346	30.000	1.200
27.890	31.273	30.000	1.200
27.900	31.370	30.000	1.200
27.910	31.185	30.000	1.200
27.920	31.144	30.000	1.200
27.930	31.205	30.000	1.200
27.940	31.336	30.000	1.200
27.950	31.476	30.000	1.200
27.960	31.288	30.000	1.200
27.970	31.284	30.000	1.200
27.980	31.485	30.000	1.200
27.990	31.404	30.000	1.200