1243	2.5	1243	0.119924	
1243	2.5	1243	0.133415	
1243	2.5	1243	0.126669	
1243	2.5	1243	0.107931	
1243	2.5	1243	0.170142	
1243	2.5	1243	0.179886	
1243	2.5	1243	0.133415	
1243	2.5	1243	0.15815	
1243	2.5	1243	0.198625	
1244	2.5	1244	0.215864	
1244	2.5	1244	0.216614	
1244	2.5	1244	0.198625	
1244	2.5	1244	0.230105	
1244	2.5	1244	0.245845	
1244	2.5	1244	0.240599	
1244	2.5	1244	0.257838	
1244	2.5	1244	0.211367	
1244	2.5	1244	0.260087	
1244	2.5	1244	0.282573	
1244	2.5	1244	0.287819	
1245	2.5	1245	0.264584	
1245	2.5	1245	0.308057	
1245	2.5	1245	0.300561	
1245	2.5	1245	0.336539	
1245	2.5	1245	0.325296	
1245	2.5	1245	0.350031	
1245	2.5	1245	0.359775	
1245	2.5	1245	0.300561	
1245	2.5	1245	0.395752	
1246	2.5	1246	0.371767	
1246	2.5	1246	0.374016	
1246	2.5	1246	0.350031	
1246	2.5	1246	0.385259	
1246	2.5	1246	0.377764	
1246	2.5	1246	0.409994	
1246	2.5	1246	0.38376	
1246	2.5	1246	0.419737	
1246	2.5	1246	0.414491	
1246	2.5	1246	0.419737	
1246	2.5	1246	0.427982	
1247	2.5	1247	0.43248	
1247	2.5	1247	0.420487	
1247	2.5	1247	0.407745	
1247	2.5	1247	0.439225	
1247	2.5	1247	0.456465	
1247	2.5	1247	0.48045	
1247	2.5	1247	0.486446	
1247	2.5	1247	0.46321	
1247	2.5	1247	0.485697	
1248	2.5	1248	0.52842	
1248	2.5	1248	0.504435	
1248	2.5	1248	0.510431	
1248	2.5	1248	0.515678	
1248	2.5	1248	0.52842	
1248	2.5	1248	0.516427	
1248	2.5	1248	0.529919	
1248	2.5	1248	0.52767	
1248	2.5	1248	0.535915	
1248	2.5	1248	0.57714	
1248	2.5	1248	0.587633	
1249	2.5	1249	0.583886	
1249	2.5	1249	0.583886	
1249	2.5	1249	0.581637	
1249	2.5	1249	0.517927	
1249	2.5	1249	0.601125	
1249	2.5	1249	0.619863	
1249	2.5	1249	0.630357	
1249	2.5	1249	0.612368	
1249	2.5	1249	0.62511	
1250	2.5	1250	0.631106	
1250	2.5	1250	0.649845	
1250	2.5	1250	0.630357	
1250	2.5	1250	0.649845	
1250	2.5	1250	0.637103	
1250	2.5	1250	0.654342	
1250	2.5	1250	0.679076	
1250	2.5	1250	0.671581	
1250	2.5	1250	0.67308	
1250	2.5	1250	0.635603	
1250	2.5	1250	0.702312	
1251	2.5	1251	0.709807	
1251	2.5	1251	0.713555	
1251	2.5	1251	0.709807	
1251	2.5	1251	0.719551	
1251	2.5	1251	0.713555	
1251	2.5	1251	0.739039	
1251	2.5	1251	0.743536	
1251	2.5	1251	0.731544	
1251	2.5	1251	0.751781	
1252	2.5	1252	0.749533	
1252	2.5	1252	0.749533	
1252	2.5	1252	0.762275	
1252	2.5	1252	0.781763	
1252	2.5	1252	0.781763	
1252	2.5	1252	0.791507	
1252	2.5	1252	0.780264	
1252	2.5	1252	0.793755	
1252	2.5	1252	0.797503	
1252	2.5	1252	0.797503	
1252	2.5	1252	0.803499	
1253	2.5	1253	0.809495	
1253	2.5	1253	0.822987	
1253	2.5	1253	0.846223	
1253	2.5	1253	0.846223	
1253	2.5	1253	0.847722	
1253	2.5	1253	0.841725	
1253	2.5	1253	0.846223	
1253	2.5	1253	0.858215	
1253	2.5	1253	0.864961	
1254	2.5	1254	0.883699	
1254	2.5	1254	0.887447	
1254	2.5	1254	0.89944	
1254	2.5	1254	0.893443	
1254	2.5	1254	0.906935	
1254	2.5	1254	0.901688	
1254	2.5	1254	0.900189	
1254	2.5	1254	0.912931	
1254	2.5	1254	0.912931	
1254	2.5	1254	0.925673	
1254	2.5	1254	0.929421	
1255	2.5	1255	0.942913	
1255	2.5	1255	0.948159	
1255	2.5	1255	0.94741	
1255	2.5	1255	0.948909	
1255	2.5	1255	0.961651	
1255	2.5	1255	0.973644	
1255	2.5	1255	0.972894	
1255	2.5	1255	0.983387	
1255	2.5	1255	0.989384	
1256	2.5	1256	1.00138	
1256	2.5	1256	1.01487	
1256	2.5	1256	1.00887	
1256	2.5	1256	1.01337	
1256	2.5	1256	1.02611	
1256	2.5	1256	1.03286	
1256	2.5	1256	1.03735	
1256	2.5	1256	1.0456	
1256	2.5	1256	1.04335	
1256	2.5	1256	1.0501	
1256	2.5	1256	1.05085	
1257	2.5	1257	1.06734	
1257	2.5	1257	1.07333	
1257	2.5	1257	1.08083	
1257	2.5	1257	1.08158	
1257	2.5	1257	1.08757	
1257	2.5	1257	1.08682	
1257	2.5	1257	1.10556	
1257	2.5	1257	1.09807	
1257	2.5	1257	1.11156	
1258	2.5	1258	1.11531	
1258	2.5	1258	1.12955	
1258	2.5	1258	1.12955	
1258	2.5	1258	1.13404	
1258	2.5	1258	1.13554	
1258	2.5	1258	1.14079	
1258	2.5	1258	1.14754	
1258	2.5	1258	1.15353	
1258	2.5	1258	1.16403	
1258	2.5	1258	1.16328	
1258	2.5	1258	1.17002	
1259	2.5	1259	1.17752	
1259	2.5	1259	1.18726	
1259	2.5	1259	1.18801	
1259	2.5	1259	1.18951	
1259	2.5	1259	1.19551	
1259	2.5	1259	1.19925	
1259	2.5	1259	1.2075	
1259	2.5	1259	1.21799	
1259	2.5	1259	1.22324	
1260	2.5	1260	1.22399	
1260	2.5	1260	1.22998	
1260	2.5	1260	1.23598	
1260	2.5	1260	1.23673	
1260	2.5	1260	1.24123	
1260	2.5	1260	1.24348	
1260	2.5	1260	1.25472	
1260	2.5	1260	1.25547	
1260	2.5	1260	1.26521	
1260	2.5	1260	1.26671	
1260	2.5	1260	1.26596	
1261	2.5	1261	1.2787	
1261	2.5	1261	1.2787	
1261	2.5	1261	1.28545	
1261	2.5	1261	1.2907	
1261	2.5	1261	1.29594	
1261	2.5	1261	1.30119	
1261	2.5	1261	1.30344	
1261	2.5	1261	1.30719	
1261	2.5	1261	1.31543	
1262	2.5	1262	1.32518	
1262	2.5	1262	1.32143	
1262	2.5	1262	1.32742	
1262	2.5	1262	1.32742	
1262	2.5	1262	1.33717	
1262	2.5	1262	1.33867	
1262	2.5	1262	1.34541	
1262	2.5	1262	1.35066	
1262	2.5	1262	1.35066	
1262	2.5	1262	1.35666	
1262	2.5	1262	1.35666	
1263	2.5	1263	1.3619	
1263	2.5	1263	1.36865	
1263	2.5	1263	1.3694	
1263	2.5	1263	1.37464	
1263	2.5	1263	1.38139	
1263	2.5	1263	1.38514	
1263	2.5	1263	1.39188	
1263	2.5	1263	1.38739	
1263	2.5	1263	1.39938	
1264	2.5	1264	1.40388	
1264	2.5	1264	1.40912	
1264	2.5	1264	1.40912	
1264	2.5	1264	1.41137	
1264	2.5	1264	1.41662	
1264	2.5	1264	1.41737	
1264	2.5	1264	1.42786	
1264	2.5	1264	1.42861	
1264	2.5	1264	1.42936	
1264	2.5	1264	1.43536	
1264	2.5	1264	1.4391	
1265	2.5	1265	1.4391	
1265	2.5	1265	1.44585	
1265	2.5	1265	1.44735	
1265	2.5	1265	1.4451	
1265	2.5	1265	1.45335	
1265	2.5	1265	1.45934	
1265	2.5	1265	1.45934	
1265	2.5	1265	1.46909	
1265	2.5	1265	1.46984	
1266	2.5	1266	1.47133	
1266	2.5	1266	1.47508	
1266	2.5	1266	1.48333	
1266	2.5	1266	1.48707	
1266	2.5	1266	1.48782	
1266	2.5	1266	1.48932	
1266	2.5	1266	1.48707	
1266	2.5	1266	1.48932	
1266	2.5	1266	1.50057	
1266	2.5	1266	1.50057	
1266	2.5	1266	1.50506	
1267	2.5	1267	1.50731	
1267	2.5	1267	1.51181	
1267	2.5	1267	1.51256	
1267	2.5	1267	1.51331	
1267	2.5	1267	1.51856	
1267	2.5	1267	1.5193	
1267	2.5	1267	1.52455	
1267	2.5	1267	1.5253	
1267	2.5	1267	1.5313	
1268	2.5	1268	1.5313	
1268	2.5	1268	1.53579	
1268	2.5	1268	1.54329	
1268	2.5	1268	1.54104	
1268	2.5	1268	1.54779	
1268	2.5	1268	1.54779	
1268	2.5	1268	1.54854	
1268	2.5	1268	1.55303	
1268	2.5	1268	1.55378	
1268	2.5	1268	1.55903	
1268	2.5	1268	1.55903	
1269	2.5	1269	1.56578	
1269	2.5	1269	1.56727	
1269	2.5	1269	1.56727	
1269	2.5	1269	1.57177	
1269	2.5	1269	1.57327	
1269	2.5	1269	1.57327	
1269	2.5	1269	1.57852	
1269	2.5	1269	1.58302	
1269	2.5	1269	1.58302	
1270	2.5	1270	1.58901	
1270	2.5	1270	1.58526	
1270	2.5	1270	1.59051	
1270	2.5	1270	1.58976	
1270	2.5	1270	1.59501	
1270	2.5	1270	1.60325	
1270	2.5	1270	1.60325	
1270	2.5	1270	1.6025	
1270	2.5	1270	1.607	
1270	2.5	1270	1.60925	
1270	2.5	1270	1.6145	
1271	2.5	1271	1.60925	
1271	2.5	1271	1.61525	
1271	2.5	1271	1.61525	
1271	2.5	1271	1.62049	
1271	2.5	1271	1.61974	
1271	2.5	1271	1.62049	
1271	2.5	1271	1.62049	
1271	2.5	1271	1.62499	
1271	2.5	1271	1.63099	
1272	2.5	1272	1.63248	
1272	2.5	1272	1.63173	
1272	2.5	1272	1.63698	
1272	2.5	1272	1.63848	
1272	2.5	1272	1.63923	
1272	2.5	1272	1.64298	
1272	2.5	1272	1.64298	
1272	2.5	1272	1.64448	
1272	2.5	1272	1.64897	
1272	2.5	1272	1.64523	
1272	2.5	1272	1.64897	
1273	2.5	1273	1.65047	
1273	2.5	1273	1.65572	
1273	2.5	1273	1.65572	
1273	2.5	1273	1.65647	
1273	2.5	1273	1.65647	
1273	2.5	1273	1.65722	
1273	2.5	1273	1.66322	
1273	2.5	1273	1.66172	
1273	2.5	1273	1.66322	
1274	2.5	1274	1.66696	
1274	2.5	1274	1.66846	
1274	2.5	1274	1.66846	
1274	2.5	1274	1.66921	
1274	2.5	1274	1.66921	
1274	2.5	1274	1.67296	
1274	2.5	1274	1.67371	
1274	2.5	1274	1.67521	
1274	2.5	1274	1.67896	
1274	2.5	1274	1.6812	
1274	2.5	1274	1.6812	
1275	2.5	1275	1.6812	
1275	2.5	1275	1.6812	
1275	2.5	1275	1.6857	
1275	2.5	1275	1.6872	
1275	2.5	1275	1.6872	
1275	2.5	1275	1.6872	
1275	2.5	1275	1.6917	
1275	2.5	1275	1.69245	
1275	2.5	1275	1.69245	
1276	2.5	1276	1.69245	
1276	2.5	1276	1.6932	
1276	2.5	1276	1.69919	
1276	2.5	1276	1.69694	
1276	2.5	1276	1.69844	
1276	2.5	1276	1.69919	
1276	2.5	1276	1.69919	
1276	2.5	1276	1.70519	
1276	2.5	1276	1.70519	
1276	2.5	1276	1.70519	
1276	2.5	1276	1.70519	
1277	2.5	1277	1.71044	
1277	2.5	1277	1.70519	
1277	2.5	1277	1.71044	
1277	2.5	1277	1.71119	
1277	2.5	1277	1.71119	
1277	2.5	1277	1.70969	
1277	2.5	1277	1.71044	
1277	2.5	1277	1.71119	
1277	2.5	1277	1.71493	
1278	2.5	1278	1.71568	
1278	2.5	1278	1.71718	
1278	2.5	1278	1.71643	
1278	2.5	1278	1.72093	
1278	2.5	1278	1.72168	
1278	2.5	1278	1.71718	
1278	2.5	1278	1.72093	
1278	2.5	1278	1.72168	
1278	2.5	1278	1.72093	
1278	2.5	1278	1.72318	
1278	2.5	1278	1.72093	
1279	2.5	1279	1.72693	
1279	2.5	1279	1.72693	
1279	2.5	1279	1.72243	
1279	2.5	1279	1.72768	
1279	2.5	1279	1.72768	
1279	2.5	1279	1.72768	
1279	2.5	1279	1.72917	
1279	2.5	1279	1.72842	
1279	2.5	1279	1.72768	
1280	2.5	1280	1.73367	
1280	2.5	1280	1.73517	
1280	2.5	1280	1.73292	
1280	2.5	1280	1.73292	
1280	2.5	1280	1.73292	
1280	2.5	1280	1.73292	
1280	2.5	1280	1.73442	
1280	2.5	1280	1.73367	
1280	2.5	1280	1.73517	
1280	2.5	1280	1.73292	
1280	2.5	1280	1.73442	
1281	2.5	1281	1.73517	
1281	2.5	1281	1.73442	
1281	2.5	1281	1.73517	
1281	2.5	1281	1.73967	
1281	2.5	1281	1.73517	
1281	2.5	1281	1.73892	
1281	2.5	1281	1.73517	
1281	2.5	1281	1.74042	
1281	2.5	1281	1.73892	
1282	2.5	1282	1.74042	
1282	2.5	1282	1.74042	
1282	2.5	1282	1.74117	
1282	2.5	1282	1.74042	
1282	2.5	1282	1.73967	
1282	2.5	1282	1.73967	
1282	2.5	1282	1.74117	
1282	2.5	1282	1.74117	
1282	2.5	1282	1.73967	
1282	2.5	1282	1.74042	
1282	2.5	1282	1.74042	
1283	2.5	1283	1.74566	
1283	2.5	1283	1.74641	
1283	2.5	1283	1.74042	
1283	2.5	1283	1.74117	
1283	2.5	1283	1.74491	
1283	2.5	1283	1.74491	
1283	2.5	1283	1.74716	
1283	2.5	1283	1.74042	
1283	2.5	1283	1.74491	
1284	2.5	1284	1.74042	
1284	2.5	1284	1.74491	
1284	2.5	1284	1.73892	
1284	2.5	1284	1.74042	
1284	2.5	1284	1.74042	
1284	2.5	1284	1.74566	
1284	2.5	1284	1.74641	
1284	2.5	1284	1.74042	
1284	2.5	1284	1.74117	
1284	2.5	1284	1.74491	
1284	2.5	1284	1.74117	
1285	2.5	1285	1.75091	
1285	2.5	1285	1.74716	
1285	2.5	1285	1.74641	
1285	2.5	1285	1.74641	
1285	2.5	1285	1.74566	
1285	2.5	1285	1.74641	
1285	2.5	1285	1.74716	
1285	2.5	1285	1.74641	
1285	2.5	1285	1.74716	
1286	2.5	1286	1.74566	
1286	2.5	1286	1.74641	
1286	2.5	1286	1.74716	
1286	2.5	1286	1.74566	
1286	2.5	1286	1.74716	
1286	2.5	1286	1.74641	
1286	2.5	1286	1.74641	
1286	2.5	1286	1.74641	
1286	2.5	1286	1.74491	
1286	2.5	1286	1.74491	
1286	2.5	1286	1.74566	
1287	2.5	1287	1.74566	
1287	2.5	1287	1.74641	
1287	2.5	1287	1.74491	
1287	2.5	1287	1.74566	
1287	2.5	1287	1.74641	
1287	2.5	1287	1.74042	
1287	2.5	1287	1.74641	
1287	2.5	1287	1.74491	
1287	2.5	1287	1.74641	
1288	2.5	1288	1.74491	
1288	2.5	1288	1.74716	
1288	2.5	1288	1.74042	
1288	2.5	1288	1.74566	
1288	2.5	1288	1.74042	
1288	2.5	1288	1.74117	
1288	2.5	1288	1.74042	
1288	2.5	1288	1.74566	
1288	2.5	1288	1.74042	
1288	2.5	1288	1.74641	
1288	2.5	1288	1.74042	
1289	2.5	1289	1.74716	
1289	2.5	1289	1.74641	
1289	2.5	1289	1.74566	
1289	2.5	1289	1.74716	
1289	2.5	1289	1.74716	
1289	2.5	1289	1.74716	
1289	2.5	1289	1.75091	
1289	2.5	1289	1.74042	
1289	2.5	1289	1.74641	
1290	2.5	1290	1.74491	
1290	2.5	1290	1.74641	
1290	2.5	1290	1.73892	
