1345	2	1345	0.913681	
1345	2	1345	0.912931	
1345	2	1345	0.924924	
1345	2	1345	0.929421	
1345	2	1345	0.93092	
1345	2	1345	0.936916	
1346	2	1346	0.948909	
1346	2	1346	0.955655	
1346	2	1346	0.960152	
1346	2	1346	0.961651	
1346	2	1346	0.967647	
1346	2	1346	0.983387	
1346	2	1346	0.984137	
1346	2	1346	0.99538	
1346	2	1346	0.996879	
1346	2	1346	1.00887	
1346	2	1346	1.00737	
1347	2	1347	1.02161	
1347	2	1347	1.00362	
1347	2	1347	1.02536	
1347	2	1347	1.03361	
1347	2	1347	1.05085	
1347	2	1347	1.05684	
1347	2	1347	1.0456	
1347	2	1347	1.06134	
1347	2	1347	1.06883	
1348	2	1348	1.07558	
1348	2	1348	1.07333	
1348	2	1348	1.08757	
1348	2	1348	1.10556	
1348	2	1348	1.11156	
1348	2	1348	1.10331	
1348	2	1348	1.11006	
1348	2	1348	1.11755	
1348	2	1348	1.13329	
1348	2	1348	1.14754	
1348	2	1348	1.13479	
1349	2	1349	1.13929	
1349	2	1349	1.15353	
1349	2	1349	1.16403	
1349	2	1349	1.16477	
1349	2	1349	1.15728	
1349	2	1349	1.17077	
1349	2	1349	1.18726	
1349	2	1349	1.18276	
1349	2	1349	1.18876	
1350	2	1350	1.18951	
1350	2	1350	1.2	
1350	2	1350	1.20525	
1350	2	1350	1.2075	
1350	2	1350	1.20675	
1350	2	1350	1.22324	
1350	2	1350	1.22399	
1350	2	1350	1.24198	
1350	2	1350	1.24123	
1350	2	1350	1.24348	
1350	2	1350	1.25322	
1351	2	1351	1.26596	
1351	2	1351	1.26746	
1351	2	1351	1.27271	
1351	2	1351	1.2832	
1351	2	1351	1.2892	
1351	2	1351	1.29744	
1351	2	1351	1.30194	
1351	2	1351	1.31318	
1351	2	1351	1.31318	
1352	2	1352	1.32667	
1352	2	1352	1.32667	
1352	2	1352	1.33117	
1352	2	1352	1.34316	
1352	2	1352	1.34391	
1352	2	1352	1.34466	
1352	2	1352	1.35141	
1352	2	1352	1.36115	
1352	2	1352	1.3694	
1352	2	1352	1.37464	
1352	2	1352	1.37315	
1353	2	1353	1.37539	
1353	2	1353	1.37914	
1353	2	1353	1.39338	
1353	2	1353	1.40313	
1353	2	1353	1.40987	
1353	2	1353	1.42112	
1353	2	1353	1.43311	
1353	2	1353	1.42936	
1353	2	1353	1.43536	
1354	2	1354	1.4406	
1354	2	1354	1.4466	
1354	2	1354	1.45335	
1354	2	1354	1.45934	
1354	2	1354	1.45934	
1354	2	1354	1.47133	
1354	2	1354	1.47658	
1354	2	1354	1.47658	
1354	2	1354	1.48932	
1354	2	1354	1.48782	
1354	2	1354	1.50731	
1355	2	1355	1.50506	
1355	2	1355	1.51106	
1355	2	1355	1.5238	
1355	2	1355	1.5193	
1355	2	1355	1.5313	
1355	2	1355	1.5298	
1355	2	1355	1.54254	
1355	2	1355	1.54854	
1355	2	1355	1.55303	
1356	2	1356	1.55453	
1356	2	1356	1.55528	
1356	2	1356	1.56727	
1356	2	1356	1.56128	
1356	2	1356	1.57327	
1356	2	1356	1.58976	
1356	2	1356	1.59651	
1356	2	1356	1.59501	
1356	2	1356	1.607	
1356	2	1356	1.60925	
1356	2	1356	1.61525	
1357	2	1357	1.62049	
1357	2	1357	1.62499	
1357	2	1357	1.62724	
1357	2	1357	1.63848	
1357	2	1357	1.63773	
1357	2	1357	1.64523	
1357	2	1357	1.65722	
1357	2	1357	1.66247	
1357	2	1357	1.66921	
1358	2	1358	1.66846	
1358	2	1358	1.67521	
1358	2	1358	1.6872	
1358	2	1358	1.68495	
1358	2	1358	1.6872	
1358	2	1358	1.69919	
1358	2	1358	1.70969	
1358	2	1358	1.71643	
1358	2	1358	1.71718	
1358	2	1358	1.72168	
1358	2	1358	1.73442	
1359	2	1359	1.73517	
1359	2	1359	1.74117	
1359	2	1359	1.74716	
1359	2	1359	1.75766	
1359	2	1359	1.75841	
1359	2	1359	1.76515	
1359	2	1359	1.77115	
1359	2	1359	1.77714	
1359	2	1359	1.77565	
1360	2	1360	1.78689	
1360	2	1360	1.78839	
1360	2	1360	1.79513	
1360	2	1360	1.80113	
1360	2	1360	1.80713	
1360	2	1360	1.81312	
1360	2	1360	1.81687	
1360	2	1360	1.82287	
1360	2	1360	1.83036	
1360	2	1360	1.83636	
1360	2	1360	1.8431	
1361	2	1361	1.8551	
1361	2	1361	1.86109	
1361	2	1361	1.86109	
1361	2	1361	1.87234	
1361	2	1361	1.87309	
1361	2	1361	1.87758	
1361	2	1361	1.88508	
1361	2	1361	1.89107	
1361	2	1361	1.89632	
1362	2	1362	1.89557	
1362	2	1362	1.90157	
1362	2	1362	1.90681	
1362	2	1362	1.91431	
1362	2	1362	1.92031	
1362	2	1362	1.92705	
1362	2	1362	1.9308	
1362	2	1362	1.93829	
1362	2	1362	1.93829	
1362	2	1362	1.94879	
1362	2	1362	1.95478	
1363	2	1363	1.96228	
1363	2	1363	1.96828	
1363	2	1363	1.97277	
1363	2	1363	1.98102	
1363	2	1363	1.98102	
1363	2	1363	1.98552	
1363	2	1363	1.99226	
1363	2	1363	1.99901	
1363	2	1363	2.005	
1364	2	1364	2.011	
1364	2	1364	2.01625	
1364	2	1364	2.02299	
1364	2	1364	2.02749	
1364	2	1364	2.04023	
1364	2	1364	2.04473	
1364	2	1364	2.04548	
1364	2	1364	2.05072	
1364	2	1364	2.05147	
1364	2	1364	2.05747	
1364	2	1364	2.05747	
1365	2	1365	2.06272	
1365	2	1365	2.07021	
1365	2	1365	2.07021	
1365	2	1365	2.07621	
1365	2	1365	2.08221	
1365	2	1365	2.08071	
1365	2	1365	2.0882	
1365	2	1365	2.0942	
1365	2	1365	2.0942	
1366	2	1366	2.10094	
1366	2	1366	2.10019	
1366	2	1366	2.10694	
1366	2	1366	2.11069	
1366	2	1366	2.11069	
1366	2	1366	2.11069	
1366	2	1366	2.11668	
1366	2	1366	2.11668	
1366	2	1366	2.12418	
1366	2	1366	2.13018	
1366	2	1366	2.12493	
1367	2	1367	2.12943	
1367	2	1367	2.13018	
1367	2	1367	2.13092	
1367	2	1367	2.12943	
1367	2	1367	2.13542	
1367	2	1367	2.13617	
1367	2	1367	2.13467	
1367	2	1367	2.13542	
1367	2	1367	2.13542	
1368	2	1368	2.13617	
1368	2	1368	2.13467	
1368	2	1368	2.13542	
1368	2	1368	2.12943	
1368	2	1368	2.13018	
1368	2	1368	2.12493	
1368	2	1368	2.12418	
1368	2	1368	2.12268	
1368	2	1368	2.11668	
1368	2	1368	2.11668	
1368	2	1368	2.11219	
1369	2	1369	2.11144	
1369	2	1369	2.10694	
1369	2	1369	2.10469	
1369	2	1369	2.10094	
1369	2	1369	2.10094	
1369	2	1369	2.09869	
1369	2	1369	2.0942	
1369	2	1369	2.0942	
1369	2	1369	2.08895	
1370	2	1370	2.08745	
1370	2	1370	2.08295	
1370	2	1370	2.08071	
1370	2	1370	2.07471	
1370	2	1370	2.07621	
1370	2	1370	2.07021	
1370	2	1370	2.07021	
1370	2	1370	2.07021	
1370	2	1370	2.06347	
1370	2	1370	2.06347	
1370	2	1370	2.05822	
1371	2	1371	2.05747	
1371	2	1371	2.05672	
1371	2	1371	2.05147	
1371	2	1371	2.04698	
1371	2	1371	2.04698	
1371	2	1371	2.04098	
1371	2	1371	2.04023	
1371	2	1371	2.03498	
1371	2	1371	2.03423	
1372	2	1372	2.02899	
1372	2	1372	2.02899	
1372	2	1372	2.02224	
1372	2	1372	2.017	
1372	2	1372	2.01625	
1372	2	1372	2.017	
1372	2	1372	2.0095	
1372	2	1372	2.011	
1372	2	1372	2.005	
1372	2	1372	1.99901	
1372	2	1372	1.99826	
1373	2	1373	1.99226	
1373	2	1373	1.99151	
1373	2	1373	1.98626	
1373	2	1373	1.98552	
1373	2	1373	1.97952	
1373	2	1373	1.97502	
1373	2	1373	1.97427	
1373	2	1373	1.97427	
1373	2	1373	1.96903	
1374	2	1374	1.96828	
1374	2	1374	1.96678	
1374	2	1374	1.96078	
1374	2	1374	1.96078	
1374	2	1374	1.95703	
1374	2	1374	1.95703	
1374	2	1374	1.95478	
1374	2	1374	1.95029	
1374	2	1374	1.94354	
1374	2	1374	1.94279	
1374	2	1374	1.93904	
1375	2	1375	1.93904	
1375	2	1375	1.9368	
1375	2	1375	1.93155	
1375	2	1375	1.93155	
1375	2	1375	1.9263	
1375	2	1375	1.92555	
1375	2	1375	1.92705	
1375	2	1375	1.92031	
1375	2	1375	1.9263	
1376	2	1376	1.91956	
1376	2	1376	1.91431	
1376	2	1376	1.91506	
1376	2	1376	1.91506	
1376	2	1376	1.91431	
1376	2	1376	1.90831	
1376	2	1376	1.90906	
1376	2	1376	1.90681	
1376	2	1376	1.90831	
1376	2	1376	1.90831	
1376	2	1376	1.90906	
1377	2	1377	1.90831	
1377	2	1377	1.90831	
1377	2	1377	1.90831	
1377	2	1377	1.90906	
1377	2	1377	1.90831	
1377	2	1377	1.90831	
1377	2	1377	1.91431	
1377	2	1377	1.91431	
1377	2	1377	1.91881	
1378	2	1378	1.92031	
1378	2	1378	1.91956	
1378	2	1378	1.92031	
1378	2	1378	1.92705	
1378	2	1378	1.9323	
1378	2	1378	1.9323	
1378	2	1378	1.93155	
1378	2	1378	1.9368	
1378	2	1378	1.94504	
1378	2	1378	1.93829	
1378	2	1378	1.94504	
1379	2	1379	1.94429	
1379	2	1379	1.94954	
1379	2	1379	1.94954	
1379	2	1379	1.95628	
1379	2	1379	1.95628	
1379	2	1379	1.96078	
1379	2	1379	1.96303	
1379	2	1379	1.96678	
1379	2	1379	1.96903	
1380	2	1380	1.97277	
1380	2	1380	1.97352	
1380	2	1380	1.97277	
1380	2	1380	1.98027	
1380	2	1380	1.98027	
1380	2	1380	1.98626	
1380	2	1380	1.98626	
1380	2	1380	1.99076	
1380	2	1380	1.99301	
1380	2	1380	1.99676	
1380	2	1380	1.99826	
1381	2	1381	2.005	
1381	2	1381	2.00875	
1381	2	1381	2.01625	
1381	2	1381	2.0155	
1381	2	1381	2.0155	
1381	2	1381	2.01625	
1381	2	1381	2.02299	
1381	2	1381	2.02224	
1381	2	1381	2.02674	
1382	2	1382	2.02824	
1382	2	1382	2.02899	
1382	2	1382	2.03274	
1382	2	1382	2.03274	
1382	2	1382	2.03948	
1382	2	1382	2.04098	
1382	2	1382	2.04548	
1382	2	1382	2.04623	
1382	2	1382	2.04623	
1382	2	1382	2.04698	
1382	2	1382	2.05147	
1383	2	1383	2.05147	
1383	2	1383	2.05147	
1383	2	1383	2.05147	
1383	2	1383	2.05297	
1383	2	1383	2.05897	
1383	2	1383	2.05222	
1383	2	1383	2.05222	
1383	2	1383	2.05897	
1383	2	1383	2.05747	
1384	2	1384	2.05747	
1384	2	1384	2.05897	
1384	2	1384	2.05297	
1384	2	1384	2.05672	
1384	2	1384	2.05147	
1384	2	1384	2.05147	
1384	2	1384	2.05222	
1384	2	1384	2.04548	
1384	2	1384	2.05147	
1384	2	1384	2.04623	
1384	2	1384	2.04473	
1385	2	1385	2.04098	
1385	2	1385	2.04548	
1385	2	1385	2.04023	
1385	2	1385	2.03873	
1385	2	1385	2.03498	
1385	2	1385	2.03498	
1385	2	1385	2.03423	
1385	2	1385	2.03423	
1385	2	1385	2.02674	
1386	2	1386	2.02824	
1386	2	1386	2.02674	
1386	2	1386	2.02224	
1386	2	1386	2.02224	
1386	2	1386	2.02224	
1386	2	1386	2.02149	
1386	2	1386	2.017	
1386	2	1386	2.01625	
1386	2	1386	2.01625	
1386	2	1386	2.0155	
1386	2	1386	2.01025	
1387	2	1387	2.011	
1387	2	1387	2.005	
1387	2	1387	2.0035	
1387	2	1387	1.99751	
1387	2	1387	1.99751	
1387	2	1387	1.99826	
1387	2	1387	1.99301	
1387	2	1387	1.99676	
1387	2	1387	1.99226	
1388	2	1388	1.99226	
1388	2	1388	1.98701	
1388	2	1388	1.98701	
1388	2	1388	1.98552	
1388	2	1388	1.98626	
1388	2	1388	1.97952	
1388	2	1388	1.98027	
1388	2	1388	1.97502	
1388	2	1388	1.97952	
1388	2	1388	1.97352	
1388	2	1388	1.97427	
1389	2	1389	1.97952	
1389	2	1389	1.97277	
1389	2	1389	1.97352	
1389	2	1389	1.97277	
1389	2	1389	1.97352	
1389	2	1389	1.96753	
1389	2	1389	1.96903	
1389	2	1389	1.96903	
1389	2	1389	1.96678	
1390	2	1390	1.96828	
1390	2	1390	1.96753	
1390	2	1390	1.96903	
1390	2	1390	1.96678	
1390	2	1390	1.96903	
1390	2	1390	1.96753	
1390	2	1390	1.96903	
1390	2	1390	1.97277	
1390	2	1390	1.97502	
1390	2	1390	1.96753	
1390	2	1390	1.97352	
1391	2	1391	1.97352	
1391	2	1391	1.97502	
1391	2	1391	1.97352	
1391	2	1391	1.97277	
1391	2	1391	1.98027	
1391	2	1391	1.97952	
1391	2	1391	1.97952	
1391	2	1391	1.97952	
1391	2	1391	1.98552	
1392	2	1392	1.98477	
1392	2	1392	1.98477	
1392	2	1392	1.98552	
1392	2	1392	1.98626	
1392	2	1392	1.99301	
1392	2	1392	1.99076	
1392	2	1392	1.99226	
1392	2	1392	1.99226	
1392	2	1392	1.99676	
1392	2	1392	1.99676	
1392	2	1392	1.99676	
1393	2	1393	1.99826	
1393	2	1393	2.005	
1393	2	1393	2.005	
1393	2	1393	2.005	
1393	2	1393	2.01025	
1393	2	1393	2.00875	
1393	2	1393	2.0155	
1393	2	1393	2.01625	
1393	2	1393	2.01025	
1394	2	1394	2.01025	
1394	2	1394	2.01625	
1394	2	1394	2.01475	
1394	2	1394	2.0155	
1394	2	1394	2.017	
1394	2	1394	2.0155	
1394	2	1394	2.01625	
1394	2	1394	2.02074	
1394	2	1394	2.0155	
1394	2	1394	2.0155	
1394	2	1394	2.01475	
1395	2	1395	2.02149	
1395	2	1395	2.01475	
1395	2	1395	2.0155	
1395	2	1395	2.01625	
1395	2	1395	2.02074	
1395	2	1395	2.0155	
1395	2	1395	2.01475	
1395	2	1395	2.01625	
1395	2	1395	2.017	
1396	2	1396	2.01625	
1396	2	1396	2.01625	
1396	2	1396	2.01475	
1396	2	1396	2.011	
1396	2	1396	2.017	
1396	2	1396	2.011	
1396	2	1396	2.011	
1396	2	1396	2.00875	
1396	2	1396	2.005	
1396	2	1396	2.005	
1396	2	1396	2.005	
1397	2	1397	1.99901	
1397	2	1397	1.99826	
1397	2	1397	1.99826	
1397	2	1397	1.99826	
1397	2	1397	1.99826	
1397	2	1397	1.99901	
1397	2	1397	1.99676	
1397	2	1397	1.99826	
1397	2	1397	1.99226	
1398	2	1398	1.99151	
1398	2	1398	1.99226	
1398	2	1398	1.99226	
1398	2	1398	1.99226	
1398	2	1398	1.99226	
1398	2	1398	1.99301	
1398	2	1398	1.99151	
1398	2	1398	1.99226	
1398	2	1398	1.99226	
1398	2	1398	1.99226	
1398	2	1398	1.99151	
1399	2	1399	1.99226	
1399	2	1399	1.99076	
1399	2	1399	1.99226	
1399	2	1399	1.99301	
1399	2	1399	1.99151	
1399	2	1399	1.99226	
1399	2	1399	1.99226	
1399	2	1399	1.99076	
1399	2	1399	1.99751	
1400	2	1400	1.99151	
1400	2	1400	1.99226	
1400	2	1400	1.99151	
1400	2	1400	1.99676	
1400	2	1400	1.99751	
1400	2	1400	1.99751	
1400	2	1400	1.99901	
1400	2	1400	1.99901	
1400	2	1400	2.005	
1400	2	1400	1.99751	
1400	2	1400	1.99826	
1401	2	1401	1.99826	
1401	2	1401	2.00275	
1401	2	1401	2.0035	
1401	2	1401	2.005	
1401	2	1401	2.00275	
1401	2	1401	2.005	
1401	2	1401	2.005	
1401	2	1401	2.005	
1401	2	1401	2.005	
1402	2	1402	2.005	
1402	2	1402	2.005	
1402	2	1402	2.0035	
1402	2	1402	2.005	
1402	2	1402	2.005	
1402	2	1402	2.0035	
1402	2	1402	2.005	
1402	2	1402	2.005	
1402	2	1402	2.0035	
1402	2	1402	2.00275	
1402	2	1402	2.00425	
1403	2	1403	2.005	
1403	2	1403	2.005	
1403	2	1403	1.99826	
1403	2	1403	2.005	
1403	2	1403	1.99826	
1403	2	1403	1.99751	
1403	2	1403	1.99826	
1403	2	1403	1.99826	
1403	2	1403	1.99826	
1404	2	1404	1.99826	
1404	2	1404	1.99826	
1404	2	1404	1.99826	
1404	2	1404	1.99751	
1404	2	1404	1.99826	
1404	2	1404	1.99826	
1404	2	1404	1.99901	
1404	2	1404	1.99751	
1404	2	1404	1.99751	
1404	2	1404	1.99826	
1404	2	1404	1.99826	
1405	2	1405	2.0035	
1405	2	1405	1.99676	
1405	2	1405	1.99751	
1405	2	1405	1.99901	
1405	2	1405	2.0035	
1405	2	1405	1.99826	
1405	2	1405	1.99826	
1405	2	1405	1.99751	
1405	2	1405	2.00275	
1406	2	1406	2.005	
1406	2	1406	2.005	
1406	2	1406	2.00275	
1406	2	1406	2.00275	
1406	2	1406	2.0035	
1406	2	1406	2.005	
1406	2	1406	2.005	
1406	2	1406	2.00275	
1406	2	1406	2.01025	
1406	2	1406	1.99751	
1406	2	1406	1.99826	
1407	2	1407	1.99751	
1407	2	1407	2.0035	
1407	2	1407	1.99826	
1407	2	1407	1.99826	
1407	2	1407	1.99826	
1407	2	1407	2.00275	
1407	2	1407	1.99751	
1407	2	1407	1.99751	
1407	2	1407	1.99826	
1408	2	1408	1.99826	
1408	2	1408	2.005	
1408	2	1408	1.99826	
1408	2	1408	1.99826	
1408	2	1408	1.99826	
1408	2	1408	2.00425	
1408	2	1408	1.99751	
1408	2	1408	1.99826	
1408	2	1408	1.99901	
1408	2	1408	1.99676	
1408	2	1408	1.99751	
1409	2	1409	1.99826	
1409	2	1409	1.99826	
1409	2	1409	1.99826	
1409	2	1409	1.99826	
1409	2	1409	1.99676	
1409	2	1409	1.99676	
1409	2	1409	1.99826	
1409	2	1409	1.99826	
1409	2	1409	1.99826	
1410	2	1410	1.99826	
1410	2	1410	2.00275	
1410	2	1410	2.00275	
1410	2	1410	1.99751	
1410	2	1410	1.99826	
1410	2	1410	1.99751	
1410	2	1410	1.99826	
1410	2	1410	2.0035	
1410	2	1410	1.99826	
1410	2	1410	1.99826	
1410	2	1410	2.005	
1411	2	1411	2.005	
1411	2	1411	2.005	
1411	2	1411	2.005	
1411	2	1411	2.00275	
1411	2	1411	2.005	
1411	2	1411	2.0035	
1411	2	1411	2.005	
1411	2	1411	2.005	
1411	2	1411	2.005	
1412	2	1412	2.0035	
1412	2	1412	1.99901	
1412	2	1412	2.005	
1412	2	1412	1.99826	
1412	2	1412	1.99901	
1412	2	1412	1.99751	
1412	2	1412	1.99826	
1412	2	1412	1.99901	
1412	2	1412	2.0035	
1412	2	1412	1.99826	
1412	2	1412	1.99751	
1413	2	1413	1.99826	
1413	2	1413	1.99826	
1413	2	1413	1.99826	
1413	2	1413	1.99676	
1413	2	1413	1.99826	
1413	2	1413	1.99826	
1413	2	1413	2.005	
1413	2	1413	1.99751	
1413	2	1413	1.99826	
1414	2	1414	1.99901	
1414	2	1414	1.99676	
1414	2	1414	1.99751	
1414	2	1414	1.99826	
1414	2	1414	1.99826	
1414	2	1414	1.99901	
1414	2	1414	1.99676	
1414	2	1414	1.99826	
1414	2	1414	1.99826	
1414	2	1414	1.99826	
1414	2	1414	1.99676	
1415	2	1415	1.99826	
1415	2	1415	1.99751	
1415	2	1415	1.99826	
1415	2	1415	2.005	
1415	2	1415	1.99826	
1415	2	1415	1.99826	
1415	2	1415	1.99826	
1415	2	1415	2.0035	
1415	2	1415	1.99676	
1416	2	1416	1.99826	
1416	2	1416	1.99826	
1416	2	1416	1.99901	
1416	2	1416	1.99826	
1416	2	1416	2.005	
1416	2	1416	2.005	
1416	2	1416	2.00275	
1416	2	1416	2.0035	
1416	2	1416	2.005	
1416	2	1416	2.005	
1416	2	1416	2.00275	
1417	2	1417	2.0035	
1417	2	1417	2.005	
1417	2	1417	2.005	
1417	2	1417	1.99826	
1417	2	1417	2.0035	
1417	2	1417	1.99826	
1417	2	1417	1.99751	
1417	2	1417	1.99901	
1417	2	1417	1.99826	
1418	2	1418	1.99826	
1418	2	1418	1.99751	
1418	2	1418	1.99751	
1418	2	1418	1.99826	
1418	2	1418	1.99751	
1418	2	1418	1.99826	
1418	2	1418	1.99826	
1418	2	1418	1.99901	
1418	2	1418	2.0035	
1418	2	1418	1.99751	
1418	2	1418	1.99826	
1419	2	1419	1.99901	
1419	2	1419	2.00275	
1419	2	1419	1.99826	
1419	2	1419	1.99826	
1419	2	1419	1.99751	
1419	2	1419	2.00275	
1419	2	1419	1.99676	
1419	2	1419	1.99826	
1419	2	1419	1.99826	
1420	2	1420	1.99826	
1420	2	1420	1.99826	
1420	2	1420	1.99826	
1420	2	1420	1.99751	
1420	2	1420	2.011	
1420	2	1420	2.00275	
1420	2	1420	2.005	
1420	2	1420	2.0035	
1420	2	1420	2.0035	
1420	2	1420	2.005	
1420	2	1420	2.0035	
1421	2	1421	2.005	
1421	2	1421	2.005	
1421	2	1421	2.0035	
1421	2	1421	1.99826	
1421	2	1421	1.99751	
1421	2	1421	1.99901	
1421	2	1421	1.99901	
1421	2	1421	1.99751	
1421	2	1421	1.99826	
1422	2	1422	1.99826	
1422	2	1422	1.99826	
1422	2	1422	2.0035	
1422	2	1422	1.99826	
1422	2	1422	1.99676	
1422	2	1422	1.99751	
1422	2	1422	1.99826	
1422	2	1422	1.99826	
1422	2	1422	1.99751	
1422	2	1422	1.99901	
1422	2	1422	1.99901	
1423	2	1423	1.99676	
1423	2	1423	1.99826	
1423	2	1423	1.99826	
1423	2	1423	1.99826	
1423	2	1423	1.99826	
1423	2	1423	1.99826	
1423	2	1423	1.99751	
1423	2	1423	1.99751	
1423	2	1423	1.99901	
1424	2	1424	2.00275	
1424	2	1424	1.99826	
1424	2	1424	1.99826	
1424	2	1424	1.99901	
1424	2	1424	1.99901	
1424	2	1424	1.99751	
1424	2	1424	1.99751	
1424	2	1424	1.99826	
1424	2	1424	2.00275	
1424	2	1424	1.99826	
1424	2	1424	1.99751	
1425	2	1425	2.005	
1425	2	1425	2.00275	
1425	2	1425	2.005	
1425	2	1425	2.00275	
1425	2	1425	1.99826	
1425	2	1425	2.00275	
1425	2	1425	1.99751	
1425	2	1425	1.99751	
1425	2	1425	1.99751	
1426	2	1426	1.99901	
1426	2	1426	2.00275	
1426	2	1426	1.99826	
1426	2	1426	1.99901	
1426	2	1426	2.00275	
1426	2	1426	2.005	
1426	2	1426	1.99826	
1426	2	1426	1.99751	
1426	2	1426	1.99826	
1426	2	1426	2.0035	
1426	2	1426	1.99826	
1427	2	1427	1.99751	
1427	2	1427	1.99826	
1427	2	1427	2.00275	
1427	2	1427	1.99676	
1427	2	1427	1.99826	
1427	2	1427	1.99826	
1427	2	1427	1.99751	
1427	2	1427	1.99676	
1427	2	1427	1.99826	
1428	2	1428	1.99826	
1428	2	1428	2.00275	
1428	2	1428	2.01025	
1428	2	1428	2.0035	
1428	2	1428	2.0035	
1428	2	1428	2.00275	
1428	2	1428	2.0035	
1428	2	1428	2.0035	
1428	2	1428	2.005	
1428	2	1428	1.99826	
1428	2	1428	2.00275	
1429	2	1429	1.99751	
1429	2	1429	1.99826	
1429	2	1429	2.00275	
1429	2	1429	2.00275	
1429	2	1429	1.99826	
1429	2	1429	1.99826	
1429	2	1429	1.99826	
1429	2	1429	1.99901	
1429	2	1429	2.0035	
1430	2	1430	1.99826	
1430	2	1430	1.99826	
1430	2	1430	1.99826	
1430	2	1430	1.99676	
1430	2	1430	1.99826	
1430	2	1430	1.99901	
1430	2	1430	1.99826	
1430	2	1430	1.99676	
1430	2	1430	1.99751	
1430	2	1430	1.99826	
1430	2	1430	1.99826	
1431	2	1431	1.99826	
1431	2	1431	2.005	
1431	2	1431	1.99826	
1431	2	1431	1.99826	
1431	2	1431	2.00275	
1431	2	1431	1.99901	
1431	2	1431	1.99826	
1431	2	1431	1.99826	
1431	2	1431	1.99826	
1432	2	1432	2.0035	
1432	2	1432	2.005	
1432	2	1432	2.0035	
1432	2	1432	2.00275	
1432	2	1432	2.0035	
1432	2	1432	2.0035	
1432	2	1432	2.0035	
1432	2	1432	2.005	
1432	2	1432	1.99901	
1432	2	1432	2.0035	
1432	2	1432	1.99751	
1433	2	1433	1.99826	
1433	2	1433	1.99826	
1433	2	1433	1.99751	
1433	2	1433	1.99751	
1433	2	1433	1.99826	
1433	2	1433	1.99826	
1433	2	1433	1.99901	
1433	2	1433	1.99676	
1433	2	1433	1.99826	
1434	2	1434	1.99826	
1434	2	1434	1.99826	
1434	2	1434	2.0035	
1434	2	1434	1.99826	
1434	2	1434	1.99751	
1434	2	1434	1.99826	
1434	2	1434	2.005	
1434	2	1434	1.99826	
1434	2	1434	1.99826	
1434	2	1434	1.99826	
1434	2	1434	2.01025	
1435	2	1435	2.005	
1435	2	1435	2.005	
1435	2	1435	2.00275	
1435	2	1435	2.0035	
1435	2	1435	2.005	
1435	2	1435	2.005	
1435	2	1435	2.00275	
1435	2	1435	2.005	
1435	2	1435	2.005	
1436	2	1436	1.99826	
1436	2	1436	1.99901	
1436	2	1436	2.00275	
1436	2	1436	1.99676	
1436	2	1436	1.99826	
1436	2	1436	1.99901	
1436	2	1436	1.99826	
1436	2	1436	2.005	
1436	2	1436	1.99826	
1436	2	1436	1.99676	
1436	2	1436	1.99901	
1437	2	1437	1.99826	
1437	2	1437	1.99676	
1437	2	1437	1.99901	
1437	2	1437	1.99826	
1437	2	1437	1.99826	
1437	2	1437	1.99676	
1437	2	1437	1.99826	
1437	2	1437	1.99826	
1437	2	1437	1.99751	
1438	2	1438	1.99751	
1438	2	1438	1.99751	
1438	2	1438	1.99751	
1438	2	1438	1.99751	
1438	2	1438	1.99826	
1438	2	1438	1.99751	
1438	2	1438	1.99676	
1438	2	1438	1.99826	
1438	2	1438	1.99676	
1438	2	1438	1.99751	
1438	2	1438	1.99751	
1439	2	1439	1.99826	
1439	2	1439	1.99901	
1439	2	1439	1.99901	
1439	2	1439	1.99826	
1439	2	1439	1.99826	
1439	2	1439	1.99751	
1439	2	1439	1.99901	
1439	2	1439	2.005	
1439	2	1439	1.99826	
1440	2	1440	1.99826	
1440	2	1440	1.99901	
1440	2	1440	2.0035	
1440	2	1440	2.005	
1440	2	1440	1.99826	
1440	2	1440	2.005	
1440	2	1440	2.0035	
1440	2	1440	2.005	
1440	2	1440	2.005	
1440	2	1440	1.99826	
1440	2	1440	1.99901	
1441	2	1441	1.99826	
1441	2	1441	1.99751	
1441	2	1441	1.99901	
1441	2	1441	2.0035	
1441	2	1441	1.99826	
1441	2	1441	1.99826	
1441	2	1441	1.99751	
1441	2	1441	1.99826	
1441	2	1441	1.99751	
1442	2	1442	1.99751	
1442	2	1442	1.99826	
1442	2	1442	1.99826	
1442	2	1442	2.00425	
1442	2	1442	1.99826	
1442	2	1442	2.005	
1442	2	1442	2.00275	
1442	2	1442	2.005	
1442	2	1442	2.0035	
1442	2	1442	2.005	
1442	2	1442	2.005	
1443	2	1443	2.005	
1443	2	1443	2.0035	
1443	2	1443	2.00275	
1443	2	1443	2.005	
1443	2	1443	2.005	
1443	2	1443	2.0035	
1443	2	1443	1.99826	
1443	2	1443	1.99826	
1443	2	1443	1.99826	
1444	2	1444	2.0035	
1444	2	1444	1.99826	
1444	2	1444	1.99751	
1444	2	1444	1.99901	
1444	2	1444	1.99826	
1444	2	1444	1.99826	
1444	2	1444	1.99826	
1444	2	1444	1.99826	
1444	2	1444	1.99751	
1444	2	1444	2.00275	
1444	2	1444	1.99826	
1445	2	1445	1.99901	
1445	2	1445	1.99826	
1445	2	1445	2.0035	
1445	2	1445	1.99826	
1445	2	1445	1.99901	
1445	2	1445	1.99901	
1445	2	1445	2.00275	
1445	2	1445	1.99826	
1445	2	1445	1.99826	
1446	2	1446	1.99826	
1446	2	1446	1.99901	
1446	2	1446	1.99826	
1446	2	1446	1.99826	
1446	2	1446	1.99751	
1446	2	1446	1.99901	
1446	2	1446	1.99901	
1446	2	1446	1.99751	
1446	2	1446	1.99826	
1446	2	1446	1.99826	
1446	2	1446	1.99676	
1447	2	1447	1.99301	
1447	2	1447	1.99751	
1447	2	1447	1.99751	
1447	2	1447	1.99826	
1447	2	1447	2.0035	
1447	2	1447	1.99751	
