2713	2.5	2713	-0.0757049	
2713	2.5	2713	-0.023987	
2713	2.5	2713	-0.0532188	
2714	2.5	2714	-0.0532188	
2714	2.5	2714	-0.0172412	
2714	2.5	2714	0.0494674	
2714	2.5	2714	0.0239832	
2714	2.5	2714	0.00674392	
2714	2.5	2714	0.0299795	
2714	2.5	2714	0.0846955	
2714	2.5	2714	0.0134897	
2714	2.5	2714	0.0667067	
2714	2.5	2714	0.0981871	
2714	2.5	2714	0.0854451	
2715	2.5	2715	0.102684	
2715	2.5	2715	0.12592	
2715	2.5	2715	0.139412	
2715	2.5	2715	0.120673	
2715	2.5	2715	0.17464	
2715	2.5	2715	0.0966881	
2715	2.5	2715	0.15815	
2715	2.5	2715	0.198625	
2715	2.5	2715	0.163397	
2716	2.5	2716	0.192628	
2716	2.5	2716	0.162647	
2716	2.5	2716	0.192628	
2716	2.5	2716	0.203872	
2716	2.5	2716	0.198625	
2716	2.5	2716	0.179886	
2716	2.5	2716	0.20612	
2716	2.5	2716	0.227857	
2716	2.5	2716	0.257838	
2716	2.5	2716	0.266083	
2716	2.5	2716	0.25409	
2717	2.5	2717	0.272079	
2717	2.5	2717	0.246595	
2717	2.5	2717	0.290068	
2717	2.5	2717	0.282573	
2717	2.5	2717	0.311804	
2717	2.5	2717	0.305808	
2717	2.5	2717	0.308057	
2717	2.5	2717	0.307307	
2717	2.5	2717	0.337289	
2718	2.5	2718	0.299812	
2718	2.5	2718	0.347782	
2718	2.5	2718	0.349281	
2718	2.5	2718	0.344034	
2718	2.5	2718	0.360524	
2718	2.5	2718	0.360524	
2718	2.5	2718	0.36727	
2718	2.5	2718	0.377764	
2718	2.5	2718	0.390506	
2718	2.5	2718	0.361274	
2718	2.5	2718	0.398001	
2719	2.5	2719	0.409994	
2719	2.5	2719	0.397251	
2719	2.5	2719	0.371767	
2719	2.5	2719	0.403997	
2719	2.5	2719	0.427982	
2719	2.5	2719	0.43248	
2719	2.5	2719	0.413741	
2719	2.5	2719	0.444472	
2719	2.5	2719	0.437726	
2720	2.5	2720	0.445222	
2720	2.5	2720	0.46396	
2720	2.5	2720	0.461711	
2720	2.5	2720	0.462461	
2720	2.5	2720	0.475953	
2720	2.5	2720	0.485697	
2720	2.5	2720	0.311804	
2720	2.5	2720	0.492442	
2720	2.5	2720	0.499938	
2720	2.5	2720	0.521674	
2720	2.5	2720	0.505934	
2721	2.5	2721	0.522424	
2721	2.5	2721	0.523923	
2721	2.5	2721	0.52842	
2721	2.5	2721	0.552405	
2721	2.5	2721	0.539663	
2721	2.5	2721	0.541162	
2721	2.5	2721	0.571893	
2721	2.5	2721	0.553904	
2721	2.5	2721	0.563648	
2722	2.5	2722	0.595129	
2722	2.5	2722	0.589882	
2722	2.5	2722	0.589882	
2722	2.5	2722	0.59363	
2722	2.5	2722	0.577889	
2722	2.5	2722	0.601874	
2722	2.5	2722	0.607121	
2722	2.5	2722	0.623611	
2722	2.5	2722	0.637852	
2722	2.5	2722	0.607871	
2722	2.5	2722	0.631106	
2723	2.5	2723	0.637852	
2723	2.5	2723	0.637852	
2723	2.5	2723	0.655091	
2723	2.5	2723	0.659589	
2723	2.5	2723	0.619114	
2723	2.5	2723	0.695566	
2723	2.5	2723	0.659589	
2723	2.5	2723	0.679826	
2723	2.5	2723	0.679826	
2724	2.5	2724	0.685822	
2724	2.5	2724	0.68957	
2724	2.5	2724	0.708308	
2724	2.5	2724	0.709807	
2724	2.5	2724	0.709058	
2724	2.5	2724	0.714305	
2724	2.5	2724	0.73829	
2724	2.5	2724	0.749533	
2724	2.5	2724	0.751781	
2724	2.5	2724	0.745785	
2724	2.5	2724	0.755529	
2725	2.5	2725	0.755529	
2725	2.5	2725	0.768271	
2725	2.5	2725	0.762275	
2725	2.5	2725	0.767522	
2725	2.5	2725	0.775766	
2725	2.5	2725	0.792256	
2725	2.5	2725	0.804249	
2725	2.5	2725	0.804249	
2725	2.5	2725	0.804249	
2726	2.5	2726	0.809495	
2726	2.5	2726	0.816241	
2726	2.5	2726	0.821488	
2726	2.5	2726	0.821488	
2726	2.5	2726	0.827484	
2726	2.5	2726	0.846972	
2726	2.5	2726	0.839477	
2726	2.5	2726	0.857466	
2726	2.5	2726	0.857466	
2726	2.5	2726	0.852968	
2726	2.5	2726	0.864961	
2727	2.5	2727	0.876204	
2727	2.5	2727	0.871707	
2727	2.5	2727	0.888197	
2727	2.5	2727	0.893443	
2727	2.5	2727	0.901688	
2727	2.5	2727	0.912931	
2727	2.5	2727	0.89944	
2727	2.5	2727	0.906185	
2727	2.5	2727	0.912931	
2728	2.5	2728	0.923425	
2728	2.5	2728	0.942163	
2728	2.5	2728	0.942163	
2728	2.5	2728	0.949658	
2728	2.5	2728	0.94741	
2728	2.5	2728	0.948159	
2728	2.5	2728	0.959402	
2728	2.5	2728	0.965399	
2728	2.5	2728	0.983387	
2728	2.5	2728	0.977391	
2728	2.5	2728	0.983387	
2729	2.5	2729	0.990133	
2729	2.5	2729	1.00812	
2729	2.5	2729	1.00962	
2729	2.5	2729	1.01562	
2729	2.5	2729	1.02686	
2729	2.5	2729	1.02011	
2729	2.5	2729	1.02761	
2729	2.5	2729	1.03286	
2729	2.5	2729	1.03735	
2730	2.5	2730	1.03735	
2730	2.5	2730	1.0396	
2730	2.5	2730	1.0456	
2730	2.5	2730	1.05759	
2730	2.5	2730	1.08083	
2730	2.5	2730	1.07333	
2730	2.5	2730	1.07558	
2730	2.5	2730	1.07933	
2730	2.5	2730	1.08757	
2730	2.5	2730	1.09282	
2730	2.5	2730	1.10931	
2731	2.5	2731	-0.45422	
2731	2.5	2731	1.11755	
2731	2.5	2731	1.11531	
2731	2.5	2731	1.10406	
2731	2.5	2731	1.13479	
2731	2.5	2731	1.14079	
2731	2.5	2731	1.14154	
2731	2.5	2731	1.15203	
2731	2.5	2731	1.14679	
2732	2.5	2732	1.13404	
2732	2.5	2732	1.14154	
2732	2.5	2732	1.16477	
2732	2.5	2732	1.17077	
2732	2.5	2732	1.17527	
2732	2.5	2732	1.18351	
2732	2.5	2732	1.18726	
2732	2.5	2732	1.19476	
2732	2.5	2732	1.2015	
2732	2.5	2732	1.21275	
2732	2.5	2732	1.22324	
2733	2.5	2733	1.22324	
2733	2.5	2733	1.23148	
2733	2.5	2733	1.22923	
2733	2.5	2733	1.24348	
2733	2.5	2733	1.24123	
2733	2.5	2733	1.25322	
2733	2.5	2733	1.26146	
2733	2.5	2733	1.26521	
2733	2.5	2733	1.26596	
2734	2.5	2734	1.27121	
2734	2.5	2734	1.27721	
2734	2.5	2734	1.2787	
2734	2.5	2734	1.27721	
2734	2.5	2734	1.28545	
2734	2.5	2734	1.30119	
2734	2.5	2734	1.30719	
2734	2.5	2734	1.30944	
2734	2.5	2734	1.31543	
2734	2.5	2734	1.33117	
2734	2.5	2734	1.33792	
2735	2.5	2735	1.33717	
2735	2.5	2735	1.33942	
2735	2.5	2735	1.35141	
2735	2.5	2735	1.35591	
2735	2.5	2735	1.36115	
2735	2.5	2735	1.3634	
2735	2.5	2735	1.3634	
2735	2.5	2735	1.37539	
2735	2.5	2735	1.38064	
2736	2.5	2736	1.38739	
2736	2.5	2736	1.39338	
2736	2.5	2736	1.40388	
2736	2.5	2736	1.41137	
2736	2.5	2736	1.41587	
2736	2.5	2736	1.42112	
2736	2.5	2736	1.42336	
2736	2.5	2736	1.42336	
2736	2.5	2736	1.42861	
2736	2.5	2736	1.44135	
2736	2.5	2736	1.43985	
2737	2.5	2737	1.44585	
2737	2.5	2737	1.46309	
2737	2.5	2737	1.47133	
2737	2.5	2737	1.47058	
2737	2.5	2737	1.47133	
2737	2.5	2737	1.47658	
2737	2.5	2737	1.48333	
2737	2.5	2737	1.48857	
2737	2.5	2737	1.49307	
2738	2.5	2738	1.49307	
2738	2.5	2738	1.49982	
2738	2.5	2738	1.51106	
2738	2.5	2738	1.51181	
2738	2.5	2738	1.52305	
2738	2.5	2738	1.53055	
2738	2.5	2738	1.5313	
2738	2.5	2738	1.5313	
2738	2.5	2738	1.53504	
2738	2.5	2738	1.54704	
2738	2.5	2738	1.55303	
2739	2.5	2739	1.55453	
2739	2.5	2739	1.56578	
2739	2.5	2739	1.57177	
2739	2.5	2739	1.58302	
2739	2.5	2739	1.58526	
2739	2.5	2739	1.58526	
2739	2.5	2739	1.59726	
2739	2.5	2739	1.60325	
2739	2.5	2739	1.60925	
2740	2.5	2740	1.6145	
2740	2.5	2740	1.62049	
2740	2.5	2740	1.62499	
2740	2.5	2740	1.63698	
2740	2.5	2740	1.63848	
2740	2.5	2740	1.64448	
2740	2.5	2740	1.65497	
2740	2.5	2740	1.65497	
2740	2.5	2740	1.66322	
2740	2.5	2740	1.66322	
2740	2.5	2740	1.66696	
2741	2.5	2741	1.67296	
2741	2.5	2741	1.68045	
2741	2.5	2741	1.6872	
2741	2.5	2741	1.69095	
2741	2.5	2741	1.69919	
2741	2.5	2741	1.70519	
2741	2.5	2741	1.69844	
2741	2.5	2741	1.71718	
2741	2.5	2741	1.72168	
2742	2.5	2742	1.73517	
2742	2.5	2742	1.73442	
2742	2.5	2742	1.73367	
2742	2.5	2742	1.74117	
2742	2.5	2742	1.74716	
2742	2.5	2742	1.75316	
2742	2.5	2742	1.75841	
2742	2.5	2742	1.75916	
2742	2.5	2742	1.7689	
2742	2.5	2742	1.77565	
2742	2.5	2742	1.77714	
2743	2.5	2743	1.78089	
2743	2.5	2743	1.78689	
2743	2.5	2743	1.79288	
2743	2.5	2743	1.80038	
2743	2.5	2743	1.80113	
2743	2.5	2743	1.81087	
2743	2.5	2743	1.81687	
2743	2.5	2743	1.82362	
2743	2.5	2743	1.82886	
2744	2.5	2744	1.83036	
2744	2.5	2744	1.83711	
2744	2.5	2744	1.84235	
2744	2.5	2744	1.8491	
2744	2.5	2744	1.8491	
2744	2.5	2744	1.8551	
2744	2.5	2744	1.86484	
2744	2.5	2744	1.86709	
2744	2.5	2744	1.87084	
2744	2.5	2744	1.87833	
2744	2.5	2744	1.88358	
2745	2.5	2745	1.88957	
2745	2.5	2745	1.89707	
2745	2.5	2745	1.89632	
2745	2.5	2745	1.90681	
2745	2.5	2745	1.91356	
2745	2.5	2745	1.91356	
2745	2.5	2745	1.92031	
2745	2.5	2745	1.9263	
2745	2.5	2745	1.9308	
2746	2.5	2746	1.9368	
2746	2.5	2746	1.94354	
2746	2.5	2746	1.95104	
2746	2.5	2746	1.95703	
2746	2.5	2746	1.96303	
2746	2.5	2746	1.96303	
2746	2.5	2746	1.97277	
2746	2.5	2746	1.97352	
2746	2.5	2746	1.97952	
2746	2.5	2746	1.99226	
2746	2.5	2746	1.99226	
2747	2.5	2747	1.99901	
2747	2.5	2747	2.005	
2747	2.5	2747	2.011	
2747	2.5	2747	2.01625	
2747	2.5	2747	2.02224	
2747	2.5	2747	2.02824	
2747	2.5	2747	2.03274	
2747	2.5	2747	2.03948	
2747	2.5	2747	2.03948	
2748	2.5	2748	2.04623	
2748	2.5	2748	2.05297	
2748	2.5	2748	2.05897	
2748	2.5	2748	2.06272	
2748	2.5	2748	2.07621	
2748	2.5	2748	2.07621	
2748	2.5	2748	2.08071	
2748	2.5	2748	2.0942	
2748	2.5	2748	2.0942	
2748	2.5	2748	2.10094	
2748	2.5	2748	2.10469	
2749	2.5	2749	2.11294	
2749	2.5	2749	2.11668	
2749	2.5	2749	2.12343	
2749	2.5	2749	2.13092	
2749	2.5	2749	2.13467	
2749	2.5	2749	2.14142	
2749	2.5	2749	2.14142	
2749	2.5	2749	2.14816	
2749	2.5	2749	2.15341	
2750	2.5	2750	2.15866	
2750	2.5	2750	2.15866	
2750	2.5	2750	2.16615	
2750	2.5	2750	2.17215	
2750	2.5	2750	2.1789	
2750	2.5	2750	2.18414	
2750	2.5	2750	2.18939	
2750	2.5	2750	2.18939	
2750	2.5	2750	2.19613	
2750	2.5	2750	2.20663	
2750	2.5	2750	2.20738	
2751	2.5	2751	2.21412	
2751	2.5	2751	2.21937	
2751	2.5	2751	2.22537	
2751	2.5	2751	2.23211	
2751	2.5	2751	2.23211	
2751	2.5	2751	2.23811	
2751	2.5	2751	2.24485	
2751	2.5	2751	2.2546	
2751	2.5	2751	2.25535	
2752	2.5	2752	2.25685	
2752	2.5	2752	2.26809	
2752	2.5	2752	2.27484	
2752	2.5	2752	2.27858	
2752	2.5	2752	2.28008	
2752	2.5	2752	2.28683	
2752	2.5	2752	2.29657	
2752	2.5	2752	2.29732	
2752	2.5	2752	2.30332	
2752	2.5	2752	2.31081	
2752	2.5	2752	2.31081	
2753	2.5	2753	2.31681	
2753	2.5	2753	2.32805	
2753	2.5	2753	2.32805	
2753	2.5	2753	2.33405	
2753	2.5	2753	2.34079	
2753	2.5	2753	2.34454	
2753	2.5	2753	2.35204	
2753	2.5	2753	2.35054	
2753	2.5	2753	2.35803	
2754	2.5	2754	2.36853	
2754	2.5	2754	2.37003	
2754	2.5	2754	2.37602	
2754	2.5	2754	2.37677	
2754	2.5	2754	2.38202	
2754	2.5	2754	2.38802	
2754	2.5	2754	2.38802	
2754	2.5	2754	2.39926	
2754	2.5	2754	2.40076	
2754	2.5	2754	2.406	
2754	2.5	2754	2.41125	
2755	2.5	2755	2.41875	
2755	2.5	2755	2.42399	
2755	2.5	2755	2.42399	
2755	2.5	2755	2.43599	
2755	2.5	2755	2.43524	
2755	2.5	2755	2.44123	
2755	2.5	2755	2.44648	
2755	2.5	2755	2.45397	
2755	2.5	2755	2.45997	
2756	2.5	2756	2.46522	
2756	2.5	2756	2.46597	
2756	2.5	2756	2.47196	
2756	2.5	2756	2.47796	
2756	2.5	2756	2.48246	
2756	2.5	2756	2.48995	
2756	2.5	2756	2.4892	
2756	2.5	2756	2.49595	
2756	2.5	2756	2.50644	
2756	2.5	2756	2.50644	
2756	2.5	2756	2.51394	
2757	2.5	2757	2.51993	
2757	2.5	2757	2.52593	
2757	2.5	2757	2.53118	
2757	2.5	2757	2.53118	
2757	2.5	2757	2.53717	
2757	2.5	2757	2.54242	
2757	2.5	2757	2.54991	
2757	2.5	2757	2.55066	
2757	2.5	2757	2.56041	
2758	2.5	2758	2.56191	
2758	2.5	2758	2.5679	
2758	2.5	2758	2.57465	
2758	2.5	2758	2.5784	
2758	2.5	2758	2.58514	
2758	2.5	2758	2.59189	
2758	2.5	2758	2.59639	
2758	2.5	2758	2.59714	
2758	2.5	2758	2.60313	
2758	2.5	2758	2.60988	
2758	2.5	2758	2.60913	
2759	2.5	2759	2.61063	
2759	2.5	2759	2.611	
2759	2.5	2759	2.60988	
2759	2.5	2759	2.611	
2759	2.5	2759	1.98626	
2759	2.5	2759	1.98626	
2759	2.5	2759	1.99826	
2759	2.5	2759	2.0155	
2759	2.5	2759	2.02674	
2760	2.5	2760	2.03423	
2760	2.5	2760	2.03948	
2760	2.5	2760	2.05297	
2760	2.5	2760	2.06272	
2760	2.5	2760	2.08146	
2760	2.5	2760	2.08221	
2760	2.5	2760	2.08146	
2760	2.5	2760	2.08745	
2760	2.5	2760	2.08071	
2760	2.5	2760	2.08295	
2760	2.5	2760	2.07621	
2761	2.5	2761	2.07621	
2761	2.5	2761	2.08295	
2761	2.5	2761	2.08221	
2761	2.5	2761	2.07621	
2761	2.5	2761	2.07621	
2761	2.5	2761	2.07096	
2761	2.5	2761	2.07021	
2761	2.5	2761	2.07021	
2761	2.5	2761	2.06871	
2762	2.5	2762	2.06946	
2762	2.5	2762	2.06347	
2762	2.5	2762	2.06422	
2762	2.5	2762	2.05897	
2762	2.5	2762	2.05672	
2762	2.5	2762	2.05297	
2762	2.5	2762	2.04548	
2762	2.5	2762	2.04023	
2762	2.5	2762	2.04023	
2762	2.5	2762	2.02899	
2762	2.5	2762	2.03498	
2763	2.5	2763	2.02899	
2763	2.5	2763	2.017	
2763	2.5	2763	2.017	
2763	2.5	2763	1.99901	
2763	2.5	2763	2.0035	
2763	2.5	2763	1.99151	
