10333	2	10333	1.8431	
10333	2	10333	1.83636	
10333	2	10333	1.84086	
10333	2	10333	1.83636	
10333	2	10333	1.82961	
10333	2	10333	1.82961	
10333	2	10333	1.82362	
10333	2	10333	1.82287	
10333	2	10333	1.81837	
10334	2	10334	1.81162	
10334	2	10334	1.81162	
10334	2	10334	1.80638	
10334	2	10334	1.80638	
10334	2	10334	1.80113	
10334	2	10334	1.80113	
10334	2	10334	1.79288	
10334	2	10334	1.79513	
10334	2	10334	1.78914	
10334	2	10334	1.78764	
10334	2	10334	1.78314	
10335	2	10335	1.77714	
10335	2	10335	1.77714	
10335	2	10335	1.7704	
10335	2	10335	1.76965	
10335	2	10335	1.76515	
10335	2	10335	1.76515	
10335	2	10335	1.76365	
10335	2	10335	1.75766	
10335	2	10335	1.75316	
10336	2	10336	1.75241	
10336	2	10336	1.74716	
10336	2	10336	1.74491	
10336	2	10336	1.74042	
10336	2	10336	1.73967	
10336	2	10336	1.73292	
10336	2	10336	1.73292	
10336	2	10336	1.72917	
10336	2	10336	1.72693	
10336	2	10336	1.72093	
10336	2	10336	1.72093	
10337	2	10337	1.71643	
10337	2	10337	1.71119	
10337	2	10337	1.71119	
10337	2	10337	1.70894	
10337	2	10337	1.70519	
10337	2	10337	1.69769	
10337	2	10337	1.69769	
10337	2	10337	1.69245	
10337	2	10337	1.6932	
10338	2	10338	1.6872	
10338	2	10338	1.68495	
10338	2	10338	1.68045	
10338	2	10338	1.68045	
10338	2	10338	1.67521	
10338	2	10338	1.66846	
10338	2	10338	1.66921	
10338	2	10338	1.66921	
10338	2	10338	1.66172	
10338	2	10338	1.65647	
10338	2	10338	1.65722	
10339	2	10339	1.65572	
10339	2	10339	1.65047	
10339	2	10339	1.64523	
10339	2	10339	1.64298	
10339	2	10339	1.64373	
10339	2	10339	1.63248	
10339	2	10339	1.63323	
10339	2	10339	1.63099	
10339	2	10339	1.62649	
10340	2	10340	1.61974	
10340	2	10340	1.62124	
10340	2	10340	1.61525	
10340	2	10340	1.6145	
10340	2	10340	1.60925	
10340	2	10340	1.60925	
10340	2	10340	1.60325	
10340	2	10340	1.601	
10340	2	10340	1.59726	
10340	2	10340	1.59651	
10340	2	10340	1.59051	
10341	2	10341	1.59126	
10341	2	10341	1.58451	
10341	2	10341	1.58302	
10341	2	10341	1.57927	
10341	2	10341	1.57252	
10341	2	10341	1.57177	
10341	2	10341	1.56727	
10341	2	10341	1.56653	
10341	2	10341	1.56053	
10342	2	10342	1.55978	
10342	2	10342	1.55453	
10342	2	10342	1.55453	
10342	2	10342	1.55303	
10342	2	10342	1.54704	
10342	2	10342	1.54704	
10342	2	10342	1.54329	
10342	2	10342	1.53654	
10342	2	10342	1.53504	
10342	2	10342	1.5298	
10342	2	10342	1.5313	
10343	2	10343	1.5253	
10343	2	10343	1.52305	
10343	2	10343	1.51781	
10343	2	10343	1.51181	
10343	2	10343	1.51331	
10343	2	10343	1.50731	
10343	2	10343	1.50656	
10343	2	10343	1.50132	
10343	2	10343	1.49907	
10344	2	10344	1.49457	
10344	2	10344	1.49382	
10344	2	10344	1.48857	
10344	2	10344	1.48782	
10344	2	10344	1.48333	
10344	2	10344	1.48183	
10344	2	10344	1.47733	
10344	2	10344	1.47733	
10344	2	10344	1.47058	
10344	2	10344	1.46534	
10344	2	10344	1.46534	
10345	2	10345	1.45859	
10345	2	10345	1.45934	
10345	2	10345	1.45335	
10345	2	10345	1.45335	
10345	2	10345	1.44735	
10345	2	10345	1.44735	
10345	2	10345	1.4451	
10345	2	10345	1.4391	
10345	2	10345	1.43536	
10346	2	10346	1.43536	
10346	2	10346	1.42936	
10346	2	10346	1.42861	
10346	2	10346	1.42261	
10346	2	10346	1.42261	
10346	2	10346	1.42112	
10346	2	10346	1.41512	
10346	2	10346	1.41137	
10346	2	10346	1.41137	
10346	2	10346	1.40388	
10346	2	10346	1.40313	
10347	2	10347	1.39938	
10347	2	10347	1.39338	
10347	2	10347	1.39338	
10347	2	10347	1.38739	
10347	2	10347	1.38664	
10347	2	10347	1.37914	
10347	2	10347	1.38139	
10347	2	10347	1.3694	
10347	2	10347	1.36865	
10348	2	10348	1.3679	
10348	2	10348	1.3619	
10348	2	10348	1.3619	
10348	2	10348	1.3634	
10348	2	10348	1.35141	
10348	2	10348	1.35741	
10348	2	10348	1.34541	
10348	2	10348	1.34916	
10348	2	10348	1.33792	
10348	2	10348	1.33942	
10348	2	10348	1.33792	
10349	2	10349	1.33192	
10349	2	10349	1.32667	
10349	2	10349	1.32667	
10349	2	10349	1.32518	
10349	2	10349	1.32667	
10349	2	10349	1.31468	
10349	2	10349	1.31543	
10349	2	10349	1.31543	
10349	2	10349	1.30869	
10350	2	10350	1.30344	
10350	2	10350	1.29744	
10350	2	10350	1.29744	
10350	2	10350	1.29519	
10350	2	10350	1.2847	
10350	2	10350	1.28545	
10350	2	10350	1.27945	
10350	2	10350	1.2787	
10350	2	10350	1.27121	
10350	2	10350	1.27271	
10350	2	10350	1.27196	
10351	2	10351	1.26671	
10351	2	10351	1.26746	
10351	2	10351	1.25922	
10351	2	10351	1.25472	
10351	2	10351	1.25472	
10351	2	10351	1.25397	
10351	2	10351	1.24947	
10351	2	10351	1.24348	
10351	2	10351	1.24348	
10352	2	10352	1.23523	
10352	2	10352	1.22998	
10352	2	10352	1.22998	
10352	2	10352	1.22923	
10352	2	10352	1.22324	
10352	2	10352	1.21949	
10352	2	10352	1.21874	
10352	2	10352	1.21349	
10352	2	10352	1.21349	
10352	2	10352	1.21275	
10352	2	10352	1.20675	
10353	2	10353	1.2015	
10353	2	10353	1.19925	
10353	2	10353	1.20075	
10353	2	10353	1.19476	
10353	2	10353	1.18951	
10353	2	10353	1.18951	
10353	2	10353	1.18801	
10353	2	10353	1.18276	
10353	2	10353	1.18126	
10354	2	10354	1.17677	
10354	2	10354	1.17152	
10354	2	10354	1.17077	
10354	2	10354	1.16403	
10354	2	10354	1.16403	
10354	2	10354	1.16328	
10354	2	10354	1.15278	
10354	2	10354	1.15728	
10354	2	10354	1.14679	
10354	2	10354	1.14754	
10354	2	10354	1.14679	
10355	2	10355	1.14079	
10355	2	10355	1.13929	
10355	2	10355	1.13329	
10355	2	10355	1.13554	
10355	2	10355	1.1273	
10355	2	10355	1.12355	
10355	2	10355	1.1213	
10355	2	10355	1.12205	
10355	2	10355	1.11755	
10356	2	10356	1.11081	
10356	2	10356	1.11156	
10356	2	10356	1.11156	
10356	2	10356	1.10481	
10356	2	10356	1.09882	
10356	2	10356	1.09732	
10356	2	10356	1.09357	
10356	2	10356	1.09207	
10356	2	10356	1.08607	
10356	2	10356	1.08532	
10356	2	10356	1.08532	
10357	2	10357	1.07333	
10357	2	10357	1.07933	
10357	2	10357	1.07333	
10357	2	10357	1.07333	
10357	2	10357	1.06359	
10357	2	10357	1.06359	
10357	2	10357	1.06134	
10357	2	10357	1.05759	
10357	2	10357	1.05759	
10358	2	10358	1.0501	
10358	2	10358	1.0456	
10358	2	10358	1.04335	
10358	2	10358	1.0441	
10358	2	10358	1.03885	
10358	2	10358	1.03361	
10358	2	10358	1.03286	
10358	2	10358	1.03136	
10358	2	10358	1.02686	
10358	2	10358	1.02536	
10358	2	10358	1.02011	
10359	2	10359	1.02086	
10359	2	10359	1.01412	
10359	2	10359	1.00962	
10359	2	10359	1.00887	
10359	2	10359	1.00737	
10359	2	10359	1.00213	
10359	2	10359	0.99613	
10359	2	10359	0.996879	
10359	2	10359	0.996879	
10360	2	10360	0.989384	
10360	2	10360	0.985636	
10360	2	10360	0.983387	
10360	2	10360	0.983387	
10360	2	10360	0.977391	
10360	2	10360	0.972894	
10360	2	10360	0.973644	
10360	2	10360	0.967647	
10360	2	10360	0.965399	
10360	2	10360	0.960901	
10360	2	10360	0.955655	
10361	2	10361	0.955655	
10361	2	10361	0.948909	
10361	2	10361	0.948909	
10361	2	10361	0.948159	
10361	2	10361	0.942913	
10361	2	10361	0.937666	
10361	2	10361	0.935417	
10361	2	10361	0.93167	
10361	2	10361	0.930171	
10362	2	10362	0.925673	
10362	2	10362	0.924924	
10362	2	10362	0.919677	
10362	2	10362	0.919677	
10362	2	10362	0.912182	
10362	2	10362	0.913681	
10362	2	10362	0.912182	
10362	2	10362	0.906935	
10362	2	10362	0.900939	
10362	2	10362	0.89944	
10362	2	10362	0.900189	
10363	2	10363	0.895692	
10363	2	10363	0.889696	
10363	2	10363	0.888946	
10363	2	10363	0.887447	
10363	2	10363	0.881451	
10363	2	10363	0.877703	
10363	2	10363	0.877703	
10363	2	10363	0.870957	
10363	2	10363	0.863462	
10364	2	10364	0.864961	
10364	2	10364	0.864961	
10364	2	10364	0.863462	
10364	2	10364	0.858215	
10364	2	10364	0.857466	
10364	2	10364	0.846972	
10364	2	10364	0.852219	
10364	2	10364	0.846223	
10364	2	10364	0.845473	
10364	2	10364	0.835729	
10364	2	10364	0.839477	
10365	2	10365	0.833481	
10365	2	10365	0.828234	
10365	2	10365	0.822238	
10365	2	10365	0.823737	
10365	2	10365	0.81774	
10365	2	10365	0.815492	
10365	2	10365	0.810995	
10365	2	10365	0.810245	
10365	2	10365	0.809495	
10366	2	10366	0.805748	
10366	2	10366	0.799002	
10366	2	10366	0.797503	
10366	2	10366	0.798252	
10366	2	10366	0.791507	
10366	2	10366	0.787009	
10366	2	10366	0.787759	
10366	2	10366	0.781763	
10366	2	10366	0.775017	
10366	2	10366	0.775766	
10366	2	10366	0.775017	
10367	2	10367	0.773518	
10367	2	10367	0.767522	
10367	2	10367	0.762275	
10367	2	10367	0.763774	
10367	2	10367	0.751781	
10367	2	10367	0.749533	
10367	2	10367	0.745035	
10367	2	10367	0.749533	
10367	2	10367	0.739039	
10368	2	10368	0.73829	
10368	2	10368	0.739039	
10368	2	10368	0.739789	
10368	2	10368	0.727796	
10368	2	10368	0.726297	
10368	2	10368	0.7218	
10368	2	10368	0.727796	
10368	2	10368	0.715804	
10368	2	10368	0.719551	
10368	2	10368	0.709807	
10368	2	10368	0.709807	
10369	2	10369	0.703811	
10369	2	10369	0.708308	
10369	2	10369	0.697815	
10369	2	10369	0.703062	
10369	2	10369	0.691819	
10369	2	10369	0.690319	
10369	2	10369	0.691819	
10369	2	10369	0.685073	
10369	2	10369	0.685822	
10370	2	10370	0.683574	
10370	2	10370	0.678327	
10370	2	10370	0.67308	
10370	2	10370	0.667084	
10370	2	10370	0.67308	
10370	2	10370	0.666334	
10370	2	10370	0.665585	
10370	2	10370	0.655841	
10370	2	10370	0.653592	
10370	2	10370	0.655091	
10370	2	10370	0.649095	
10371	2	10371	0.643848	
10371	2	10371	0.643848	
10371	2	10371	0.642349	
10371	2	10371	0.637852	
10371	2	10371	0.631106	
10371	2	10371	0.631856	
10371	2	10371	0.629607	
10371	2	10371	0.62511	
10371	2	10371	0.619863	
10372	2	10372	0.62436	
10372	2	10372	0.617615	
10372	2	10372	0.613867	
10372	2	10372	0.607121	
10372	2	10372	0.605622	
10372	2	10372	0.606372	
10372	2	10372	0.601874	
10372	2	10372	0.599626	
10372	2	10372	0.594379	
10372	2	10372	0.59363	
10372	2	10372	0.589132	
10373	2	10373	0.583136	
10373	2	10373	0.583136	
10373	2	10373	0.581637	
10373	2	10373	0.575641	
10373	2	10373	0.571893	
10373	2	10373	0.565897	
10373	2	10373	0.563648	
10373	2	10373	0.5599	
10373	2	10373	0.557652	
10374	2	10374	0.557652	
10374	2	10374	0.553155	
10374	2	10374	0.552405	
10374	2	10374	0.547908	
10374	2	10374	0.541162	
10374	2	10374	0.539663	
10374	2	10374	0.540413	
10374	2	10374	0.535166	
10374	2	10374	0.52917	
10374	2	10374	0.52842	
10374	2	10374	0.52767	
10375	2	10375	0.523923	
10375	2	10375	0.517927	
10375	2	10375	0.516427	
10375	2	10375	0.517927	
10375	2	10375	0.511181	
10375	2	10375	0.505934	
10375	2	10375	0.505934	
10375	2	10375	0.503685	
10375	2	10375	0.499938	
10376	2	10376	0.493941	
10376	2	10376	0.492442	
10376	2	10376	0.487196	
10376	2	10376	0.487196	
10376	2	10376	0.485697	
10376	2	10376	0.4797	
10376	2	10376	0.48045	
10376	2	10376	0.4797	
10376	2	10376	0.469956	
10376	2	10376	0.469956	
10376	2	10376	0.467708	
10377	2	10377	0.46321	
10377	2	10377	0.457214	
10377	2	10377	0.455715	
10377	2	10377	0.455715	
10377	2	10377	0.450468	
10377	2	10377	0.445222	
10377	2	10377	0.445971	
10377	2	10377	0.439975	
10377	2	10377	0.439975	
10378	2	10378	0.433979	
10378	2	10378	0.43173	
10378	2	10378	0.43173	
10378	2	10378	0.425734	
10378	2	10378	0.427982	
10378	2	10378	0.419737	
10378	2	10378	0.41599	
10378	2	10378	0.413741	
10378	2	10378	0.41599	
10378	2	10378	0.409244	
10378	2	10378	0.403997	
10379	2	10379	0.401749	
10379	2	10379	0.403997	
10379	2	10379	0.396502	
10379	2	10379	0.391255	
10379	2	10379	0.391255	
10379	2	10379	0.391255	
10379	2	10379	0.38376	
10379	2	10379	0.38376	
10379	2	10379	0.377764	
10380	2	10380	0.377764	
10380	2	10380	0.372517	
10380	2	10380	0.36802	
10380	2	10380	0.36802	
10380	2	10380	0.362023	
10380	2	10380	0.359775	
10380	2	10380	0.361274	
10380	2	10380	0.356027	
10380	2	10380	0.349281	
10380	2	10380	0.347782	
10380	2	10380	0.343285	
10381	2	10381	0.344034	
10381	2	10381	0.342535	
10381	2	10381	0.336539	
10381	2	10381	0.332042	
10381	2	10381	0.332042	
10381	2	10381	0.326046	
10381	2	10381	0.323797	
10381	2	10381	0.3193	
10381	2	10381	0.3193	
10382	2	10382	0.31855	
10382	2	10382	0.312554	
10382	2	10382	0.314053	
10382	2	10382	0.306558	
10382	2	10382	0.305808	
10382	2	10382	0.302061	
10382	2	10382	0.301311	
10382	2	10382	0.293816	
10382	2	10382	0.287819	
10382	2	10382	0.284072	
10382	2	10382	0.283322	
