13 15 3 14 10 11 3 1 10 1 
10 0 5 6 12 10 13 10 13 11 
6 10 4 9 1 2 0 14 9 1 
5 5 0 7 3 11 9 8 6 2 
12 6 4 15 0 1 1 4 14 11 
15 11 8 11 0 6 0 2 13 7 
4 15 10 11 15 4 6 3 12 6 
6 0 0 6 8 9 11 12 7 6 
2 11 5 14 4 0 6 13 8 8 
5 13 11 14 2 2 15 11 7 8 
14 2 2 5 15 1 7 10 12 6 
9 15 15 4 12 9 4 11 5 11 
8 5 8 11 11 12 13 9 7 5 
13 6 10 15 11 1 10 6 7 3 
3 12 0 5 5 6 12 9 0 14 
6 12 7 0 6 1 15 11 3 14 
9 8 1 5 9 1 4 5 5 9 
3 11 7 10 2 10 1 9 12 7 
9 15 13 14 1 1 14 12 13 6 
2 0 14 11 15 13 9 10 14 11 
12 11 12 10 11 5 4 7 4 7 
6 5 12 10 5 0 8 14 4 6 
13 8 11 7 8 0 12 9 7 13 
7 7 4 9 12 3 7 10 6 2 
5 5 15 1 6 10 2 8 7 11 
1 10 10 0 9 2 6 7 13 3 
1 9 10 1 3 15 9 14 13 3 
0 11 5 12 12 0 10 14 5 15 
4 1 6 7 6 14 5 4 0 13 
10 14 8 1 15 5 6 14 3 3 
12 0 4 13 9 2 0 0 15 7 
2 6 10 4 5 10 7 13 11 0 
13 13 1 7 7 1 11 10 5 12 
2 4 4 1 1 10 4 14 12 5 
12 3 11 15 1 6 7 13 9 12 
7 14 2 10 14 5 1 5 1 2 
8 4 10 11 4 13 10 10 1 15 
7 14 11 0 0 10 6 13 11 13 
13 14 2 2 3 11 10 10 15 6 
10 11 12 2 13 15 10 11 13 11 
4 1 9 10 3 10 3 14 11 2 
9 12 4 9 15 8 15 9 13 6 
13 8 10 9 13 7 4 8 15 10 
9 11 4 3 14 15 3 13 13 4 
0 13 10 15 11 15 0 12 8 10 
12 8 7 7 11 0 15 11 9 10 
11 4 6 1 10 10 5 10 9 8 
9 3 14 8 0 5 6 5 1 10 
8 7 14 0 5 11 14 2 9 10 
1 7 12 8 2 6 5 0 1 5 
15 3 3 10 3 15 9 7 8 7 
3 5 5 7 9 6 5 2 14 0 
3 7 8 7 8 8 9 5 11 1 
8 2 10 10 0 9 7 10 4 3 
0 4 10 1 7 5 0 8 15 6 
15 12 5 12 2 2 11 15 11 2 
8 2 4 4 0 14 14 15 11 11 
6 11 0 4 3 8 7 0 4 8 
5 6 11 8 12 6 7 11 14 12 
3 7 8 6 12 5 10 3 8 11 
5 2 4 15 10 14 1 0 15 14 
5 13 10 10 8 2 10 11 1 3 
2 9 11 13 4 7 14 3 5 5 
12 13 9 2 5 10 7 7 6 5 
14 12 14 10 4 14 8 14 4 6 
12 7 5 15 1 9 1 6 7 11 
14 8 11 3 7 5 11 10 8 6 
2 7 0 15 4 15 14 1 10 3 
12 7 13 10 8 12 13 5 5 5 
8 12 0 4 2 14 2 5 15 1 
0 6 0 2 0 6 14 12 8 7 
4 2 13 9 15 4 13 4 7 8 
13 9 4 1 12 4 8 9 4 3 
5 3 8 7 3 0 7 3 10 6 
10 15 0 1 11 2 13 0 0 12 
12 10 11 3 5 5 11 11 2 6 
6 1 13 9 14 12 4 2 6 2 
8 9 12 5 3 14 0 5 9 15 
4 9 6 0 6 12 13 12 11 3 
8 1 3 12 12 12 10 2 3 8 
6 2 12 5 13 6 2 12 11 13 
7 0 15 4 4 6 3 0 2 15 
5 3 1 5 7 6 3 8 11 6 
3 6 0 5 11 15 6 13 2 9 
11 13 1 15 5 0 13 13 13 4 
7 13 12 14 11 11 11 0 12 13 
6 8 2 10 2 13 12 4 2 8 
12 9 11 7 6 7 12 13 5 5 
5 13 11 5 12 3 15 14 0 5 
1 4 7 0 11 3 8 1 14 5 
14 11 11 14 13 2 8 6 9 7 
6 8 6 9 7 5 0 8 9 15 
3 13 6 7 15 0 6 7 4 9 
8 2 14 3 8 0 12 13 12 9 
8 5 15 5 15 13 4 11 4 6 
10 5 13 0 2 8 8 4 13 14 
8 5 9 12 0 0 14 1 1 10 
6 3 4 1 12 2 1 9 0 9 
7 6 4 0 2 5 5 1 5 11 
3 14 11 9 0 15 8 9 3 11 
